LeftVentricleData Displacement 




Login date: 23/07/2020 16:21:00
position_change:  
0,0,0
0,0,0
-3,72529E-09,7,450581E-09,-3,72529E-09
9,313226E-08,2,435409E-06,-2,384186E-07
1,564622E-07,3,854744E-06,-3,762543E-07
1,005828E-07,2,819113E-06,-2,719462E-07
1,043081E-07,2,903864E-06,-2,793968E-07
1,080334E-07,2,99979E-06,-2,905726E-07
1,117587E-07,3,069639E-06,-2,980232E-07
1,043081E-07,3,003515E-06,-2,868474E-07
1,005828E-07,2,892688E-06,-2,756715E-07
9,685755E-08,2,866611E-06,-2,719462E-07
9,313226E-08,2,780929E-06,-2,644956E-07
8,940697E-08,2,7325E-06,-2,57045E-07
8,568168E-08,2,66172E-06,-2,495944E-07
8,195639E-08,2,58442E-06,-2,421439E-07
7,450581E-08,2,449378E-06,-2,272427E-07
7,078052E-08,2,382323E-06,-2,197921E-07
6,705523E-08,2,3311E-06,-2,160668E-07
6,332994E-08,2,305023E-06,-2,123415E-07
5,587935E-08,2,169982E-06,-1,974404E-07
5,215406E-08,2,136454E-06,-1,937151E-07
4,842877E-08,2,111308E-06,-1,899898E-07
4,470348E-08,1,99955E-06,-1,788139E-07
4,097819E-08,1,940876E-06,-1,713634E-07
3,72529E-08,1,793727E-06,-1,564622E-07
3,352761E-08,1,766719E-06,-1,527369E-07
2,980232E-08,1,6829E-06,-1,452863E-07
2,607703E-08,1,597218E-06,-1,378357E-07
2,235174E-08,1,571141E-06,-1,341105E-07
1,862645E-08,1,505017E-06,-1,266599E-07
1,490116E-08,1,44355E-06,-1,192093E-07
1,117587E-08,1,418404E-06,-1,15484E-07
3,72529E-09,1,359731E-06,-1,080334E-07
7,450581E-09,1,325272E-06,-1,043081E-07
0,1,207925E-06,-9,313226E-08
-3,72529E-09,1,181848E-06,-8,940697E-08
-1,117587E-08,1,001172E-06,-7,078052E-08
-1,490116E-08,9,089708E-07,-6,332994E-08
-2,235174E-08,8,838251E-07,-5,960464E-08
-2,607703E-08,7,906929E-07,-4,842877E-08
-2,980232E-08,7,050112E-07,-3,72529E-08
-3,72529E-08,6,146729E-07,-2,607703E-08
-4,470348E-08,5,559996E-07,-1,862645E-08
-4,842877E-08,5,336478E-07,-1,490116E-08
-5,587935E-08,5,112961E-07,-7,450581E-09
-5,215406E-08,5,709007E-07,-1,490116E-08
-4,842877E-08,6,398186E-07,-2,235174E-08
-4,470348E-08,7,096678E-07,-2,607703E-08
-4,097819E-08,8,456409E-07,-4,097819E-08
-3,352761E-08,9,778887E-07,-5,215406E-08
-2,980232E-08,1,187436E-06,-7,078052E-08
-1,303852E-07,1,225621E-06,3,72529E-09
-2,495944E-07,1,194887E-06,9,685755E-08
-3,613532E-07,1,175329E-06,1,862645E-07
-5,736947E-07,1,161359E-06,3,539026E-07
-6,780028E-07,1,145527E-06,4,321337E-07
-8,97795E-07,1,123175E-06,6,072223E-07
-1,002103E-06,1,111999E-06,6,891787E-07
-1,225621E-06,1,10548E-06,8,568168E-07
-1,337379E-06,1,092441E-06,9,462237E-07
-1,545995E-06,1,068227E-06,1,110137E-06
-1,654029E-06,1,057051E-06,1,192093E-06
-1,762062E-06,1,045875E-06,1,277775E-06
-1,978129E-06,1,022592E-06,1,449138E-06
-2,194196E-06,1,009554E-06,1,616776E-06
-2,302229E-06,9,993091E-07,1,702458E-06
-2,529472E-06,9,23872E-07,1,877546E-06
-2,644956E-06,8,810312E-07,1,970679E-06
-2,872199E-06,7,692724E-07,2,156943E-06
-2,983958E-06,7,105991E-07,2,242625E-06
-3,099442E-06,6,603077E-07,2,335757E-06
-3,334135E-06,5,48549E-07,2,525747E-06
-3,561378E-06,4,256144E-07,2,704561E-06
-3,792346E-06,3,045425E-07,2,894551E-06
-3,904104E-06,2,468005E-07,2,983958E-06
-4,135072E-06,1,238659E-07,3,170222E-06
-4,362315E-06,2,793968E-09,3,356487E-06
-4,474074E-06,-5,401671E-08,3,445894E-06
-4,705042E-06,-1,750886E-07,3,628433E-06
-4,93601E-06,-2,877787E-07,3,814697E-06
-5,166978E-06,-4,032627E-07,4,000962E-06
-5,282462E-06,-4,740432E-07,4,094094E-06
-5,517155E-06,-5,80214E-07,4,284084E-06
-5,755574E-06,-7,012859E-07,4,477799E-06
-5,863607E-06,-7,497147E-07,4,563481E-06
-6,102026E-06,-8,698553E-07,4,75347E-06
-6,325543E-06,-9,872019E-07,4,93601E-06
-6,444752E-06,-1,044013E-06,5,029142E-06
-6,67572E-06,-1,166016E-06,5,219132E-06
-6,79493E-06,-1,215376E-06,5,312264E-06
-7,025898E-06,-1,342036E-06,5,498528E-06
-7,256866E-06,-1,456589E-06,5,684793E-06
-7,376075E-06,-1,510605E-06,5,777925E-06
-7,607043E-06,-1,632608E-06,5,967915E-06
-7,841736E-06,-1,744367E-06,6,15418E-06
-7,953495E-06,-1,80956E-06,6,243587E-06
-8,188188E-06,-1,921318E-06,6,433576E-06
-8,422881E-06,-2,033077E-06,6,619841E-06
-8,653849E-06,-2,163462E-06,6,806105E-06
-8,765608E-06,-2,225861E-06,6,899238E-06
-9,000301E-06,-2,358109E-06,7,089227E-06
-9,11206E-06,-2,426095E-06,7,178634E-06
-9,339303E-06,-2,558343E-06,7,361174E-06
-9,570271E-06,-2,701767E-06,7,551163E-06
-9,797513E-06,-2,83774E-06,7,733703E-06
-9,909272E-06,-2,906658E-06,7,82311E-06
-1,013279E-05,-3,0417E-06,8,005649E-06
-1,036376E-05,-3,186055E-06,8,195639E-06
-1,046807E-05,-3,248453E-06,8,277595E-06
-1,069903E-05,-3,40119E-06,8,467585E-06
-1,092628E-05,-3,533438E-06,8,653849E-06
-1,103058E-05,-3,597699E-06,8,739531E-06
-1,125783E-05,-3,73926E-06,8,918345E-06
-1,149252E-05,-3,877096E-06,9,108335E-06
-1,160055E-05,-3,941357E-06,9,197742E-06
-1,182407E-05,-4,082918E-06,9,380281E-06
-1,204759E-05,-4,218891E-06,9,56282E-06
-1,216307E-05,-4,28874E-06,9,655952E-06
-1,239777E-05,-4,413538E-06,9,842217E-06
-1,262128E-05,-4,555099E-06,1,002848E-05
-1,274049E-05,-4,624017E-06,1,012161E-05
-1,297519E-05,-4,754402E-06,1,03116E-05
-1,309067E-05,-4,813075E-06,1,040846E-05
-1,333281E-05,-4,941598E-06,1,059845E-05
-1,357123E-05,-5,06267E-06,1,079217E-05
-1,368672E-05,-5,128793E-06,1,08853E-05
-1,391768E-05,-5,251728E-06,1,107156E-05
-1,403689E-05,-5,313195E-06,1,116842E-05
-1,427904E-05,-5,440786E-06,1,136586E-05
-1,43908E-05,-5,49946E-06,1,145527E-05
-1,463667E-05,-5,621463E-06,1,165271E-05
-1,475587E-05,-5,687587E-06,1,174584E-05
-1,498684E-05,-5,816109E-06,1,193583E-05
-1,523271E-05,-5,953945E-06,1,213327E-05
-1,534447E-05,-6,031245E-06,1,222268E-05
-1,559034E-05,-6,185845E-06,1,240894E-05
-1,582876E-05,-6,345101E-06,1,260266E-05
-1,593679E-05,-6,416813E-06,1,269206E-05
-1,617894E-05,-6,574206E-06,1,288578E-05
-1,64099E-05,-6,734394E-06,1,307949E-05
-1,652166E-05,-6,813556E-06,1,31689E-05
-1,675263E-05,-6,970018E-06,1,335889E-05
-1,699105E-05,-7,129274E-06,1,354888E-05
-1,710653E-05,-7,20378E-06,1,364201E-05
-1,73375E-05,-7,282943E-06,1,3832E-05
-1,746044E-05,-7,326715E-06,1,392514E-05
-1,76914E-05,-7,412396E-06,1,41114E-05
-1,780689E-05,-7,454306E-06,1,420453E-05
-1,804903E-05,-7,542782E-06,1,439452E-05
-1,816452E-05,-7,576309E-06,1,448765E-05
-1,840666E-05,-7,670373E-06,1,468137E-05
-1,863763E-05,-7,75326E-06,1,486763E-05
-1,875684E-05,-7,803552E-06,1,496077E-05
-1,899153E-05,-7,881783E-06,1,514331E-05
-1,92225E-05,-7,974915E-06,1,533329E-05
-1,934543E-05,-8,025207E-06,1,543015E-05
-1,958013E-05,-8,108094E-06,1,561642E-05
-1,969561E-05,-8,152798E-06,1,570955E-05
-1,993775E-05,-8,236617E-06,1,589954E-05
-2,017245E-05,-8,317642E-06,1,608953E-05
-2,029538E-05,-8,362345E-06,1,618639E-05
-2,054498E-05,-8,43592E-06,1,637265E-05
-2,065673E-05,-8,476898E-06,1,646206E-05
-2,089515E-05,-8,57003E-06,1,665577E-05
-2,112612E-05,-8,656643E-06,1,683831E-05
-2,136454E-05,-8,748844E-06,1,70283E-05
-2,159178E-05,-8,836389E-06,1,721084E-05
-2,170727E-05,-8,882955E-06,1,730397E-05
-2,193823E-05,-8,988194E-06,1,749024E-05
-2,216548E-05,-9,075738E-06,1,766905E-05
-2,240017E-05,-9,168871E-06,1,785532E-05
-2,263486E-05,-9,257346E-06,1,804531E-05
-2,274662E-05,-9,302981E-06,1,813471E-05
-2,298504E-05,-9,388663E-06,1,83247E-05
-2,321601E-05,-9,474345E-06,1,850724E-05
-2,333149E-05,-9,525567E-06,1,860037E-05
-2,356619E-05,-9,614043E-06,1,879036E-05
-2,380461E-05,-9,699725E-06,1,897663E-05
-2,40393E-05,-9,796582E-06,1,916662E-05
-2,414733E-05,-9,839423E-06,1,92523E-05
-2,438575E-05,-9,937212E-06,1,944229E-05
-2,460927E-05,-1,0035E-05,1,96211E-05
-2,472103E-05,-1,008622E-05,1,971051E-05
-2,494827E-05,-1,017377E-05,1,989305E-05
-2,517924E-05,-1,027342E-05,2,007931E-05
-2,540648E-05,-1,036096E-05,2,025813E-05
-2,552569E-05,-1,041219E-05,2,035499E-05
-2,576038E-05,-1,04988E-05,2,054125E-05
-2,599508E-05,-1,059007E-05,2,073124E-05
-2,622232E-05,-1,067761E-05,2,091378E-05
-2,645329E-05,-1,077261E-05,2,109632E-05
-2,657622E-05,-1,081917E-05,2,11969E-05
-2,680719E-05,-1,090672E-05,2,137572E-05
-2,703816E-05,-1,100171E-05,2,156198E-05
-2,727658E-05,-1,109298E-05,2,174079E-05
-2,739206E-05,-1,114327E-05,2,183393E-05
-2,76193E-05,-1,123641E-05,2,201647E-05
-2,773851E-05,-1,128111E-05,2,21096E-05
-2,79583E-05,-1,137797E-05,2,228469E-05
-2,8193E-05,-1,14711E-05,2,247468E-05
-2,841651E-05,-1,156982E-05,2,265349E-05
-2,853572E-05,-1,161452E-05,2,274662E-05
-2,866983E-05,-1,157448E-05,2,284721E-05
-2,866238E-05,-1,147389E-05,2,283603E-05
-2,865866E-05,-1,142453E-05,2,282858E-05
-2,864748E-05,-1,128577E-05,2,28174E-05
-2,864748E-05,-1,12541E-05,2,281368E-05
-2,840161E-05,-1,104083E-05,2,260879E-05
-2,827868E-05,-1,095142E-05,2,25082E-05
-2,804399E-05,-1,078937E-05,2,231449E-05
-2,781674E-05,-1,063012E-05,2,212822E-05
-2,769753E-05,-1,055188E-05,2,203137E-05
-2,746284E-05,-1,039077E-05,2,184138E-05
-2,723932E-05,-1,022872E-05,2,165884E-05
-2,712011E-05,-1,015607E-05,2,156198E-05
-2,688542E-05,-9,994023E-06,2,137199E-05
-2,666935E-05,-9,823591E-06,2,119318E-05
-2,655759E-05,-9,741634E-06,2,110004E-05
-2,632663E-05,-9,584241E-06,2,091005E-05
-2,621114E-05,-9,504147E-06,2,082065E-05
-2,59839E-05,-9,347685E-06,2,063066E-05
-2,574921E-05,-9,185635E-06,2,044067E-05
-2,563E-05,-9,11206E-06,2,034381E-05
-2,540275E-05,-8,956529E-06,2,015755E-05
-2,517179E-05,-8,80193E-06,1,996756E-05
-2,505258E-05,-8,728355E-06,1,987442E-05
-2,482161E-05,-8,572824E-06,1,968443E-05
-2,458692E-05,-8,418225E-06,1,949444E-05
-2,435222E-05,-8,265488E-06,1,930073E-05
-2,424046E-05,-8,19657E-06,1,921132E-05
-2,400577E-05,-8,04197E-06,1,902133E-05
-2,389029E-05,-7,969327E-06,1,892447E-05
-2,365559E-05,-7,818453E-06,1,873448E-05
-2,342835E-05,-7,676892E-06,1,855195E-05
-2,318993E-05,-7,526018E-06,1,835823E-05
-2,307817E-05,-7,450581E-06,1,82651E-05
-2,285466E-05,-7,299706E-06,1,808256E-05
-2,261251E-05,-7,146038E-06,1,790002E-05
-2,250075E-05,-7,072464E-06,1,781061E-05
-2,226979E-05,-6,920658E-06,1,762062E-05
-2,204627E-05,-6,756745E-06,1,743808E-05
-2,181157E-05,-6,609596E-06,1,724437E-05
-2,169237E-05,-6,536022E-06,1,715124E-05
-2,145767E-05,-6,389804E-06,1,696125E-05
-2,12267E-05,-6,240793E-06,1,677126E-05
-2,111495E-05,-6,195158E-06,1,668185E-05
-2,08877E-05,-6,14021E-06,1,650304E-05
-2,066046E-05,-6,080605E-06,1,63205E-05
-2,043694E-05,-6,021E-06,1,614913E-05
-2,032518E-05,-5,989335E-06,1,6056E-05
-2,010912E-05,-5,926006E-06,1,588464E-05
-1,999363E-05,-5,892478E-06,1,579523E-05
-1,977757E-05,-5,831942E-06,1,562387E-05
-1,955032E-05,-5,764887E-06,1,544505E-05
-1,933426E-05,-5,700625E-06,1,526996E-05
-1,911446E-05,-5,638227E-06,1,509488E-05
-1,899898E-05,-5,608425E-06,1,500919E-05
-1,877919E-05,-5,54882E-06,1,483038E-05
-1,855195E-05,-5,489215E-06,1,465157E-05
-1,833215E-05,-5,428679E-06,1,447648E-05
-1,810491E-05,-5,369075E-06,1,429766E-05
-1,787767E-05,-5,307607E-06,1,411885E-05
-1,776591E-05,-5,288981E-06,1,402944E-05
-1,753867E-05,-5,227514E-06,1,385063E-05
-1,731515E-05,-5,166978E-06,1,367182E-05
-1,719967E-05,-5,136244E-06,1,358241E-05
-1,69687E-05,-5,080365E-06,1,341477E-05
-1,674891E-05,-5,018897E-06,1,323968E-05
-1,663715E-05,-4,988164E-06,1,315027E-05
-1,640618E-05,-4,928559E-06,1,297146E-05
-1,629815E-05,-4,897825E-06,1,288578E-05
-1,607835E-05,-4,836358E-06,1,270697E-05
-1,585111E-05,-4,776753E-06,1,253188E-05
-1,562759E-05,-4,713424E-06,1,235679E-05
-1,552328E-05,-4,681759E-06,1,227111E-05
-1,529604E-05,-4,617497E-06,1,209229E-05
-1,519173E-05,-4,585832E-06,1,200661E-05
-1,496822E-05,-4,52064E-06,1,183152E-05
-1,474842E-05,-4,454516E-06,1,165643E-05
-1,463294E-05,-4,42192E-06,1,156703E-05
-1,441687E-05,-4,356727E-06,1,139566E-05
-1,420081E-05,-4,296191E-06,1,12243E-05
-1,408532E-05,-4,264526E-06,1,113117E-05
-1,386926E-05,-4,201196E-06,1,09598E-05
-1,364201E-05,-4,138798E-06,1,078099E-05
-1,342595E-05,-4,073605E-06,1,060963E-05
-1,31987E-05,-4,007481E-06,1,043081E-05
-1,298264E-05,-3,942288E-06,1,025945E-05
-1,276284E-05,-3,874302E-06,1,008436E-05
-1,265109E-05,-3,841706E-06,9,994954E-06
-1,243502E-05,-3,77465E-06,9,823591E-06
-1,222268E-05,-3,704801E-06,9,652227E-06
-1,211092E-05,-3,672205E-06,9,566545E-06
-1,18874E-05,-3,607012E-06,9,391457E-06
-1,167133E-05,-3,539957E-06,9,220093E-06
-1,156703E-05,-3,508292E-06,9,134412E-06
-1,134351E-05,-3,437512E-06,8,959323E-06
-1,111254E-05,-3,35183E-06,8,776784E-06
-1,100451E-05,-3,307126E-06,8,687377E-06
-1,077726E-05,-3,221445E-06,8,504838E-06
-1,055002E-05,-3,137626E-06,8,326024E-06
-1,031905E-05,-3,051944E-06,8,139759E-06
-1,021102E-05,-2,997927E-06,8,054078E-06
-9,987503E-06,-2,913177E-06,7,875264E-06
-9,760261E-06,-2,826564E-06,7,692724E-06
-9,536743E-06,-2,731569E-06,7,517636E-06
-9,424984E-06,-2,684072E-06,7,428229E-06
-9,208918E-06,-2,588145E-06,7,25314E-06
-8,981675E-06,-2,489425E-06,7,074326E-06
-8,761883E-06,-2,403744E-06,6,895512E-06
-8,646399E-06,-2,358109E-06,6,806105E-06
-8,426607E-06,-2,256595E-06,6,627291E-06
-8,21054E-06,-2,087094E-06,6,452203E-06
-8,102506E-06,-1,99303E-06,6,359071E-06
-7,875264E-06,-1,818873E-06,6,191432E-06
-7,655472E-06,-1,639128E-06,6,008893E-06
-7,543713E-06,-1,546927E-06,5,915761E-06
-7,335097E-06,-1,363456E-06,5,740672E-06
-7,111579E-06,-1,186505E-06,5,561858E-06
-6,99982E-06,-1,094304E-06,5,468726E-06
-6,787479E-06,-9,229407E-07,5,293638E-06
-6,567687E-06,-7,357448E-07,5,111098E-06
-6,463379E-06,-6,547198E-07,5,025417E-06
-6,247312E-06,-4,675239E-07,4,842877E-06
-6,03497E-06,-2,91504E-07,4,671514E-06
-5,804002E-06,-1,201406E-07,4,48525E-06
-5,699694E-06,-5,587935E-08,4,399568E-06
-5,476177E-06,8,847564E-08,4,217029E-06
-5,256385E-06,2,33762E-07,4,038215E-06
-5,029142E-06,3,864989E-07,3,85195E-06
-4,813075E-06,5,317852E-07,3,673136E-06
-4,705042E-06,6,025657E-07,3,587455E-06
-4,477799E-06,7,497147E-07,3,404915E-06
-4,254282E-06,8,912757E-07,3,222376E-06
-4,038215E-06,1,036562E-06,3,043562E-06
-3,814697E-06,1,174398E-06,2,864748E-06
-3,699213E-06,1,24611E-06,2,771616E-06
-3,475696E-06,1,396984E-06,2,589077E-06
-3,255904E-06,1,53482E-06,2,410263E-06
-3,039837E-06,1,669861E-06,2,231449E-06
-2,924353E-06,1,749955E-06,2,138317E-06
-2,700835E-06,1,885928E-06,1,955777E-06
-2,481043E-06,2,029352E-06,1,780689E-06
-2,257526E-06,2,173707E-06,1,59815E-06
-2,034009E-06,2,319925E-06,1,411885E-06
-1,806766E-06,2,462417E-06,1,229346E-06
-1,586974E-06,2,597459E-06,1,054257E-06
-1,359731E-06,2,744608E-06,8,642673E-07
-1,251698E-06,2,815388E-06,7,785857E-07
-1,024455E-06,2,956949E-06,5,960464E-07
-8,08388E-07,3,102235E-06,4,209578E-07
-5,811453E-07,3,251247E-06,2,346933E-07
-2,495944E-07,3,463589E-06,-3,72529E-08
-2,607703E-08,3,600493E-06,-2,160668E-07
3,129244E-07,3,817491E-06,-4,917383E-07
5,327165E-07,3,962778E-06,-6,705523E-07
7,599592E-07,4,097819E-06,-8,530915E-07
9,872019E-07,4,242174E-06,-1,039356E-06
1,210719E-06,4,387461E-06,-1,221895E-06
1,426786E-06,4,523434E-06,-1,396984E-06
1,646578E-06,4,675239E-06,-1,579523E-06
1,870096E-06,4,818663E-06,-1,758337E-06
2,086163E-06,4,954636E-06,-1,937151E-06
2,205372E-06,5,03473E-06,-2,030283E-06
2,425164E-06,5,172566E-06,-2,209097E-06
2,644956E-06,5,321577E-06,-2,387911E-06
2,872199E-06,5,451031E-06,-2,57045E-06
2,976507E-06,5,502254E-06,-2,656132E-06
3,207475E-06,5,61215E-06,-2,838671E-06
3,423542E-06,5,72484E-06,-3,017485E-06
3,65451E-06,5,847774E-06,-3,200024E-06
3,874302E-06,5,965121E-06,-3,378838E-06
4,094094E-06,6,080605E-06,-3,553927E-06
4,205853E-06,6,134622E-06,-3,643334E-06
4,433095E-06,6,253831E-06,-3,825873E-06
4,656613E-06,6,374903E-06,-4,008412E-06
4,768372E-06,6,427988E-06,-4,097819E-06
4,991889E-06,6,536953E-06,-4,276633E-06
5,103648E-06,6,596558E-06,-4,369766E-06
5,32344E-06,6,712042E-06,-4,544854E-06
5,554408E-06,6,833114E-06,-4,731119E-06
5,662441E-06,6,892718E-06,-4,8168E-06
5,882233E-06,7,014722E-06,-4,995614E-06
6,102026E-06,7,11903E-06,-5,170703E-06
6,329268E-06,7,23917E-06,-5,356967E-06
6,441027E-06,7,300638E-06,-5,446374E-06
6,664544E-06,7,422641E-06,-5,625188E-06
6,772578E-06,7,483177E-06,-5,71087E-06
6,99237E-06,7,59773E-06,-5,889684E-06
7,215887E-06,7,71042E-06,-6,068498E-06
7,327646E-06,7,77375E-06,-6,16163E-06
7,554889E-06,7,889234E-06,-6,340444E-06
7,659197E-06,7,945113E-06,-6,426126E-06
7,882714E-06,8,066185E-06,-6,608665E-06
8,106232E-06,8,170493E-06,-6,783754E-06
8,221716E-06,8,239411E-06,-6,876886E-06
8,441508E-06,8,349307E-06,-7,0557E-06
8,553267E-06,8,419156E-06,-7,148832E-06
8,773059E-06,8,535571E-06,-7,323921E-06
8,888543E-06,8,597039E-06,-7,413328E-06
9,108335E-06,8,706935E-06,-7,592142E-06
9,216368E-06,8,770265E-06,-7,681549E-06
9,439886E-06,8,882023E-06,-7,860363E-06
9,667128E-06,8,990057E-06,-8,042902E-06
9,782612E-06,9,053387E-06,-8,136034E-06
1,000613E-05,9,155832E-06,-8,318573E-06
1,012534E-05,9,208918E-06,-8,40798E-06
1,035631E-05,9,31602E-06,-8,594245E-06
1,058728E-05,9,424053E-06,-8,780509E-06
1,081824E-05,9,536743E-06,-8,966774E-06
1,09151E-05,9,601936E-06,-9,056181E-06


Login date: 23/07/2020 16:23:33
position_change:  
0,0,0
0,0,0
-3,72529E-09,7,450581E-09,-3,72529E-09
9,313226E-08,2,372079E-06,-2,346933E-07
1,080334E-07,2,994202E-06,-2,868474E-07
7,82311E-08,2,559274E-06,-2,384186E-07
8,940697E-08,2,757646E-06,-2,607703E-07
8,195639E-08,2,57697E-06,-2,421439E-07
7,450581E-08,2,465211E-06,-2,30968E-07
7,078052E-08,2,381392E-06,-2,197921E-07
6,705523E-08,2,311543E-06,-2,123415E-07
5,960464E-08,2,228655E-06,-2,04891E-07
5,587935E-08,2,153218E-06,-1,937151E-07
4,842877E-08,2,075918E-06,-1,862645E-07
4,470348E-08,1,989305E-06,-1,788139E-07
4,097819E-08,1,914799E-06,-1,713634E-07
3,352761E-08,1,828186E-06,-1,601875E-07
2,980232E-08,1,743436E-06,-1,490116E-07
1,862645E-08,1,660548E-06,-1,378357E-07
1,117587E-08,1,517124E-06,-1,229346E-07
3,72529E-09,1,416542E-06,-1,117587E-07
0,1,322478E-06,-1,005828E-07
-7,450581E-09,1,219101E-06,-9,313226E-08
-1,117587E-08,1,115724E-06,-8,195639E-08
-1,490116E-08,1,062639E-06,-7,82311E-08
-1,862645E-08,9,704381E-07,-6,705523E-08
-2,235174E-08,8,670613E-07,-5,587935E-08
-2,607703E-08,7,729977E-07,-4,842877E-08
-3,352761E-08,6,705523E-07,-3,72529E-08
-3,72529E-08,5,764887E-07,-2,607703E-08
-4,470348E-08,4,814938E-07,-1,490116E-08
-4,842877E-08,3,790483E-07,-3,72529E-09
-5,215406E-08,3,287569E-07,0
-5,960464E-08,2,374873E-07,1,117587E-08
-6,332994E-08,1,592562E-07,1,862645E-08
-6,332994E-08,1,089647E-07,2,607703E-08
-7,078052E-08,3,073364E-08,3,352761E-08
-7,078052E-08,5,122274E-08,3,352761E-08
-6,705523E-08,6,798655E-08,2,980232E-08
-7,078052E-08,1,825392E-07,2,235174E-08
-6,705523E-08,2,430752E-07,1,862645E-08
-6,332994E-08,3,576279E-07,7,450581E-09
-5,960464E-08,4,777685E-07,-3,72529E-09
-5,587935E-08,5,997717E-07,-1,490116E-08
-5,215406E-08,7,152557E-07,-2,235174E-08
-4,842877E-08,7,748604E-07,-2,980232E-08
-4,470348E-08,8,866191E-07,-4,097819E-08
-4,097819E-08,1,008622E-06,-5,215406E-08
-3,352761E-08,1,120381E-06,-6,332994E-08
-2,980232E-08,1,23959E-06,-7,450581E-08
-2,235174E-08,1,350418E-06,-8,568168E-08
-1,862645E-08,1,412816E-06,-9,313226E-08
-1,490116E-08,1,523644E-06,-1,005828E-07
-1,117587E-08,1,705252E-06,-1,15484E-07
-7,450581E-09,1,759268E-06,-1,229346E-07
-3,72529E-09,1,993962E-06,-1,41561E-07
3,72529E-09,2,052635E-06,-1,490116E-07
7,450581E-09,2,113171E-06,-1,564622E-07
1,117587E-08,2,225861E-06,-1,676381E-07
1,490116E-08,2,284534E-06,-1,713634E-07
1,862645E-08,2,398156E-06,-1,825392E-07
2,607703E-08,2,517365E-06,-1,937151E-07
2,607703E-08,2,603047E-06,-2,011657E-07
3,352761E-08,2,691522E-06,-2,086163E-07
3,72529E-08,2,952293E-06,-2,30968E-07
4,097819E-08,3,022142E-06,-2,384186E-07


Login date: 23/07/2020 16:31:50
position_change:  
0,0,0
0,0,0
-3,72529E-09,7,450581E-09,-3,72529E-09
8,940697E-08,2,418645E-06,-2,384186E-07
1,043081E-07,2,969988E-06,-2,831221E-07
1,192093E-07,3,297813E-06,-3,129244E-07
1,117587E-07,3,283843E-06,-3,091991E-07
1,043081E-07,3,146939E-06,-2,942979E-07
1,005828E-07,3,054738E-06,-2,831221E-07
9,685755E-08,3,019348E-06,-2,793968E-07
9,313226E-08,2,977438E-06,-2,756715E-07
8,940697E-08,2,883375E-06,-2,682209E-07
8,568168E-08,2,753921E-06,-2,533197E-07
7,82311E-08,2,651475E-06,-2,421439E-07
7,078052E-08,2,57697E-06,-2,346933E-07
6,705523E-08,2,497807E-06,-2,272427E-07
6,332994E-08,2,440996E-06,-2,197921E-07
5,960464E-08,2,379529E-06,-2,123415E-07
5,587935E-08,2,329238E-06,-2,086163E-07
5,215406E-08,2,278946E-06,-2,011657E-07
4,842877E-08,2,228655E-06,-1,937151E-07
4,470348E-08,2,178364E-06,-1,899898E-07
4,097819E-08,2,050772E-06,-1,750886E-07
3,72529E-08,2,033077E-06,-1,713634E-07
3,352761E-08,1,982786E-06,-1,676381E-07
2,980232E-08,1,941808E-06,-1,639128E-07
2,607703E-08,1,856126E-06,-1,527369E-07
2,235174E-08,1,805834E-06,-1,452863E-07
1,862645E-08,1,763925E-06,-1,41561E-07
1,490116E-08,1,713634E-06,-1,341105E-07
1,117587E-08,1,670793E-06,-1,303852E-07
7,450581E-09,1,567416E-06,-1,229346E-07
3,72529E-09,1,525506E-06,-1,15484E-07
-1,639128E-07,1,345761E-06,2,235174E-08
-3,874302E-07,1,146458E-06,2,086163E-07
-6,109476E-07,9,452924E-07,3,948808E-07
-8,381903E-07,7,394701E-07,5,848706E-07
-1,061708E-06,5,392358E-07,7,674098E-07
-1,28895E-06,3,399327E-07,9,573996E-07
-1,512468E-06,1,406297E-07,1,143664E-06
-1,739711E-06,-6,61239E-08,1,329929E-06
-1,959503E-06,-2,672896E-07,1,512468E-06
-2,18302E-06,-4,684553E-07,1,695007E-06
-2,417713E-06,-6,100163E-07,1,888722E-06
-2,641231E-06,-7,338822E-07,2,067536E-06
-2,872199E-06,-8,577481E-07,2,253801E-06
-3,099442E-06,-9,918585E-07,2,440065E-06
-3,33041E-06,-1,109205E-06,2,622604E-06
-3,565103E-06,-1,228414E-06,2,812594E-06
-3,792346E-06,-1,355074E-06,2,995133E-06
-4,019588E-06,-1,483597E-06,3,181398E-06
-4,258007E-06,-1,601875E-06,3,371388E-06


Login date: 23/07/2020 16:42:30
position_change:  
0,0,0
0,0,0
-3,72529E-09,7,450581E-09,-3,72529E-09
9,685755E-08,2,412125E-06,-2,421439E-07
8,940697E-08,2,534129E-06,-2,458692E-07
1,043081E-07,3,055669E-06,-2,905726E-07
9,313226E-08,2,85171E-06,-2,682209E-07
8,568168E-08,2,68966E-06,-2,495944E-07
7,82311E-08,2,61236E-06,-2,421439E-07
7,450581E-08,2,529472E-06,-2,30968E-07
7,078052E-08,2,453104E-06,-2,235174E-07
5,960464E-08,2,334826E-06,-2,123415E-07
5,587935E-08,2,259389E-06,-2,011657E-07
5,215406E-08,2,170913E-06,-1,937151E-07
4,842877E-08,2,095476E-06,-1,862645E-07
4,097819E-08,2,011657E-06,-1,750886E-07
3,352761E-08,1,89431E-06,-1,639128E-07
2,607703E-08,1,77417E-06,-1,490116E-07
1,862645E-08,1,663342E-06,-1,378357E-07
1,490116E-08,1,543202E-06,-1,266599E-07
7,450581E-09,1,42213E-06,-1,15484E-07
3,72529E-09,1,30292E-06,-1,005828E-07
-3,72529E-09,1,173466E-06,-8,940697E-08
-1,117587E-08,1,047738E-06,-7,450581E-08
-1,490116E-08,9,452924E-07,-6,705523E-08
-1,862645E-08,8,484349E-07,-5,587935E-08
-2,607703E-08,7,543713E-07,-4,470348E-08
-2,980232E-08,6,519258E-07,-3,352761E-08
-3,72529E-08,5,504116E-07,-2,235174E-08
-4,097819E-08,5,085021E-07,-1,862645E-08
-4,842877E-08,4,060566E-07,-7,450581E-09
-5,215406E-08,3,129244E-07,3,72529E-09
-6,332994E-08,1,173466E-07,2,235174E-08
-7,078052E-08,-2,8871E-08,4,097819E-08
-7,82311E-08,-1,220033E-07,4,842877E-08
-8,195639E-08,-1,462176E-07,5,215406E-08
-8,568168E-08,-1,871958E-07,5,587935E-08
-8,940697E-08,-3,17581E-07,7,078052E-08
-9,313226E-08,-3,511086E-07,7,450581E-08
-9,685755E-08,-3,920868E-07,7,82311E-08
-1,005828E-07,-4,516914E-07,8,568168E-08
-1,043081E-07,-4,731119E-07,8,940697E-08


Login date: 23/07/2020 16:42:58
position_change:  
0,0,0
0,0,0
-3,72529E-09,7,450581E-09,-3,72529E-09
9,685755E-08,2,412125E-06,-2,421439E-07
1,639128E-07,4,10527E-06,-4,023314E-07
1,005828E-07,2,953224E-06,-2,793968E-07
1,080334E-07,3,106892E-06,-2,942979E-07
1,117587E-07,3,176741E-06,-3,017485E-07
1,15484E-07,3,245659E-06,-3,091991E-07
1,192093E-07,3,312714E-06,-3,166497E-07
1,117587E-07,3,089197E-06,-2,942979E-07
1,043081E-07,3,012829E-06,-2,868474E-07
1,005828E-07,2,883375E-06,-2,756715E-07
9,685755E-08,2,825633E-06,-2,682209E-07
8,940697E-08,2,686866E-06,-2,533197E-07
8,568168E-08,2,636574E-06,-2,458692E-07
8,195639E-08,2,577901E-06,-2,421439E-07
7,82311E-08,2,551824E-06,-2,384186E-07
7,450581E-08,2,439134E-06,-2,272427E-07
7,078052E-08,2,413988E-06,-2,235174E-07
6,705523E-08,2,355315E-06,-2,197921E-07
6,332994E-08,2,303161E-06,-2,123415E-07
6,705523E-08,2,241693E-06,-2,086163E-07
6,332994E-08,2,216548E-06,-2,04891E-07
5,960464E-08,2,165325E-06,-2,011657E-07
5,215406E-08,2,107583E-06,-1,937151E-07
5,587935E-08,2,046116E-06,-1,862645E-07
5,215406E-08,2,020039E-06,-1,825392E-07
4,842877E-08,1,969747E-06,-1,788139E-07
4,097819E-08,1,912937E-06,-1,713634E-07
3,72529E-08,1,829118E-06,-1,601875E-07
2,980232E-08,1,743436E-06,-1,490116E-07
2,235174E-08,1,600944E-06,-1,341105E-07
1,490116E-08,1,509674E-06,-1,229346E-07
1,117587E-08,1,474284E-06,-1,192093E-07
3,72529E-09,1,414679E-06,-1,117587E-07
7,450581E-09,1,354143E-06,-1,080334E-07
3,72529E-09,1,328066E-06,-1,043081E-07
-3,72529E-09,1,269393E-06,-9,685755E-08
0,1,197681E-06,-9,313226E-08
-3,72529E-09,1,147389E-06,-8,568168E-08
-7,450581E-09,1,053326E-06,-7,82311E-08
-1,117587E-08,1,036562E-06,-7,450581E-08
-1,862645E-08,9,173527E-07,-6,332994E-08
-2,235174E-08,8,40053E-07,-5,587935E-08


Login date: 23/07/2020 16:58:12
position_change:  
0,0,0
0,0,0
-3,72529E-09,7,450581E-09,-3,72529E-09
9,313226E-08,2,415851E-06,-2,421439E-07
1,043081E-07,3,262423E-06,-3,017485E-07
9,685755E-08,3,082678E-06,-2,831221E-07
9,313226E-08,3,007241E-06,-2,756715E-07
8,568168E-08,2,930872E-06,-2,682209E-07
8,195639E-08,2,878718E-06,-2,607703E-07
7,82311E-08,2,828427E-06,-2,57045E-07
7,450581E-08,2,752058E-06,-2,458692E-07
6,705523E-08,2,667308E-06,-2,384186E-07
6,332994E-08,2,571382E-06,-2,272427E-07
5,960464E-08,2,478249E-06,-2,197921E-07
5,587935E-08,2,384186E-06,-2,086163E-07
5,215406E-08,2,291054E-06,-2,011657E-07
4,842877E-08,2,203509E-06,-1,937151E-07
4,097819E-08,2,100132E-06,-1,825392E-07
3,72529E-08,2,022833E-06,-1,750886E-07
2,980232E-08,1,939945E-06,-1,639128E-07
2,607703E-08,1,854263E-06,-1,527369E-07
1,862645E-08,1,770444E-06,-1,452863E-07
1,490116E-08,1,683831E-06,-1,341105E-07
7,450581E-09,1,582317E-06,-1,229346E-07
3,72529E-09,1,499429E-06,-1,15484E-07
0,1,406297E-06,-1,043081E-07
-7,450581E-09,1,310371E-06,-9,313226E-08
-1,117587E-08,1,217239E-06,-8,568168E-08
-1,862645E-08,1,121312E-06,-7,450581E-08
-2,235174E-08,1,02818E-06,-6,705523E-08
-2,607703E-08,9,331852E-07,-5,587935E-08
-2,980232E-08,8,903444E-07,-5,215406E-08
-3,352761E-08,7,869676E-07,-4,097819E-08
-3,72529E-08,7,022172E-07,-3,352761E-08
-4,097819E-08,6,072223E-07,-2,607703E-08
-4,842877E-08,5,131587E-07,-1,490116E-08
-5,215406E-08,4,200265E-07,-3,72529E-09
-5,960464E-08,3,790483E-07,0
-6,332994E-08,2,831221E-07,1,117587E-08
-7,078052E-08,1,909211E-07,2,235174E-08
-7,450581E-08,9,872019E-08,3,352761E-08
-8,195639E-08,-3,632158E-08,4,842877E-08
-8,940697E-08,-1,294538E-07,5,587935E-08
-9,313226E-08,-2,225861E-07,6,705523E-08
-9,685755E-08,-3,213063E-07,7,450581E-08
-1,043081E-07,-4,284084E-07,8,940697E-08
-1,080334E-07,-5,085021E-07,9,685755E-08
-1,117587E-07,-6,211922E-07,1,080334E-07
-1,192093E-07,-6,966293E-07,1,15484E-07
-1,266599E-07,-7,683411E-07,1,229346E-07
-1,303852E-07,-8,465722E-07,1,341105E-07
-1,341105E-07,-9,592623E-07,1,452863E-07
-1,378357E-07,-1,02073E-06,1,527369E-07
-1,41561E-07,-1,031905E-06,1,564622E-07
-1,452863E-07,-1,023524E-06,1,527369E-07
-1,378357E-07,-9,285286E-07,1,452863E-07
-1,341105E-07,-8,437783E-07,1,378357E-07
-1,303852E-07,-7,47852E-07,1,303852E-07
-1,341105E-07,-7,18981E-07,1,266599E-07
-1,303852E-07,-6,603077E-07,1,229346E-07
-1,266599E-07,-5,112961E-07,1,080334E-07
-1,229346E-07,-4,59142E-07,1,043081E-07
-1,192093E-07,-4,256144E-07,1,005828E-07
-1,15484E-07,-3,119931E-07,8,940697E-08
-1,117587E-07,-2,28174E-07,8,195639E-08
-1,080334E-07,-1,955777E-07,7,450581E-08
-1,043081E-07,-1,350418E-07,7,078052E-08
-9,685755E-08,1,061708E-07,4,842877E-08
-9,313226E-08,2,039596E-07,4,097819E-08
-8,940697E-08,3,790483E-07,2,607703E-08
-8,568168E-08,4,116446E-07,2,235174E-08
-8,195639E-08,4,628673E-07,1,490116E-08
-8,195639E-08,4,917383E-07,1,490116E-08
-8,940697E-08,4,59142E-07,1,862645E-08
-8,940697E-08,3,995374E-07,2,607703E-08
-9,313226E-08,3,632158E-07,2,980232E-08
-9,685755E-08,4,107133E-07,2,980232E-08


Login date: 23/07/2020 17:38:26
position_change:  
0,0,0
0,0,0
-3,72529E-09,7,450581E-09,-3,72529E-09
8,568168E-08,2,341345E-06,-2,30968E-07
1,341105E-07,3,488734E-06,-3,390014E-07
1,117587E-07,3,196299E-06,-3,017485E-07
1,005828E-07,3,122725E-06,-2,905726E-07
9,313226E-08,2,960674E-06,-2,756715E-07
8,940697E-08,2,863817E-06,-2,644956E-07
8,568168E-08,2,816319E-06,-2,607703E-07
8,195639E-08,2,763234E-06,-2,533197E-07
7,82311E-08,2,712943E-06,-2,495944E-07
7,450581E-08,2,564862E-06,-2,346933E-07
7,078052E-08,2,490357E-06,-2,272427E-07
6,705523E-08,2,463348E-06,-2,235174E-07
6,332994E-08,2,412125E-06,-2,197921E-07
5,960464E-08,2,360903E-06,-2,160668E-07
5,587935E-08,2,23238E-06,-2,011657E-07
5,215406E-08,2,180226E-06,-1,937151E-07
4,842877E-08,2,03494E-06,-1,825392E-07
4,470348E-08,1,973473E-06,-1,750886E-07
4,097819E-08,1,941808E-06,-1,713634E-07
3,72529E-08,1,881272E-06,-1,639128E-07
3,352761E-08,1,820736E-06,-1,601875E-07
2,980232E-08,1,769513E-06,-1,527369E-07
2,607703E-08,1,71829E-06,-1,452863E-07
2,235174E-08,1,643784E-06,-1,378357E-07
1,490116E-08,1,509674E-06,-1,229346E-07
1,117587E-08,1,484528E-06,-1,192093E-07
7,450581E-09,1,432374E-06,-1,117587E-07
3,72529E-09,1,381151E-06,-1,080334E-07
0,1,297332E-06,-1,005828E-07
-3,72529E-09,1,237728E-06,-9,313226E-08
-7,450581E-09,1,202337E-06,-8,940697E-08
-1,117587E-08,1,144595E-06,-8,195639E-08
-1,490116E-08,1,094304E-06,-7,450581E-08
-2,235174E-08,1,001172E-06,-6,332994E-08
-2,607703E-08,9,164214E-07,-5,587935E-08
-2,980232E-08,8,549541E-07,-4,842877E-08
-3,352761E-08,7,608905E-07,-4,097819E-08
-3,72529E-08,6,584451E-07,-2,980232E-08
-4,097819E-08,6,156042E-07,-2,607703E-08
-4,470348E-08,5,392358E-07,-1,862645E-08
-4,842877E-08,4,610047E-07,-1,117587E-08
-5,215406E-08,4,097819E-07,-3,72529E-09
-5,587935E-08,4,293397E-07,-3,72529E-09
-5,587935E-08,5,112961E-07,-7,450581E-09
-4,842877E-08,6,137416E-07,-1,862645E-08
-5,960464E-08,4,516914E-07,0
-6,332994E-08,3,827736E-07,3,72529E-09
-6,705523E-08,2,793968E-07,1,490116E-08
-7,078052E-08,2,114102E-07,2,235174E-08
-7,450581E-08,1,406297E-07,2,980232E-08
-7,82311E-08,8,288771E-08,3,352761E-08
-8,195639E-08,-5,681068E-08,4,842877E-08
-8,940697E-08,-1,508743E-07,5,587935E-08
-8,940697E-08,-2,114102E-07,6,332994E-08
-8,940697E-08,-2,197921E-07,6,705523E-08
-8,195639E-08,-3,632158E-08,4,842877E-08
-7,82311E-08,-1,396984E-08,4,470348E-08
-7,82311E-08,5,681068E-08,3,72529E-08
-7,450581E-08,1,173466E-07,3,352761E-08
-7,450581E-08,1,70432E-07,2,980232E-08
-6,705523E-08,5,373731E-07,-3,72529E-09
-5,960464E-08,6,239861E-07,-1,117587E-08
-6,332994E-08,6,09085E-07,-7,450581E-09
-7,078052E-08,5,690381E-07,0


Login date: 23/07/2020 17:45:14
position_change:  
0,0,0
0,0,0
4,842877E-08,1,442619E-06,-1,452863E-07
8,940697E-08,2,390705E-06,-2,384186E-07
1,601875E-07,3,911555E-06,-3,874302E-07
1,527369E-07,3,746711E-06,-3,688037E-07
1,639128E-07,4,053116E-06,-3,948808E-07
1,490116E-07,3,851019E-06,-3,72529E-07
1,266599E-07,3,504567E-06,-3,352761E-07
1,005828E-07,3,088266E-06,-2,905726E-07
1,043081E-07,3,191642E-06,-2,980232E-07
1,080334E-07,3,295951E-06,-3,054738E-07
1,005828E-07,3,230758E-06,-2,980232E-07
9,313226E-08,3,105029E-06,-2,831221E-07
8,940697E-08,3,053807E-06,-2,756715E-07
8,195639E-08,2,98582E-06,-2,682209E-07
7,82311E-08,2,86568E-06,-2,57045E-07
7,450581E-08,2,813525E-06,-2,533197E-07
7,078052E-08,2,727844E-06,-2,421439E-07
6,332994E-08,2,645887E-06,-2,346933E-07
5,960464E-08,2,560206E-06,-2,235174E-07
5,215406E-08,2,458692E-06,-2,123415E-07
4,842877E-08,2,390705E-06,-2,04891E-07
3,72529E-08,2,273358E-06,-1,899898E-07
3,352761E-08,2,116896E-06,-1,750886E-07
2,607703E-08,2,032146E-06,-1,676381E-07
1,862645E-08,1,871027E-06,-1,490116E-07
1,117587E-08,1,814216E-06,-1,41561E-07
3,72529E-09,1,714565E-06,-1,266599E-07
0,1,61957E-06,-1,192093E-07
-7,450581E-09,1,524575E-06,-1,080334E-07
-1,490116E-08,1,433305E-06,-9,685755E-08
-2,235174E-08,1,33086E-06,-8,568168E-08
-2,980232E-08,1,238659E-06,-7,450581E-08
-3,352761E-08,1,144595E-06,-6,705523E-08
-3,72529E-08,1,049601E-06,-5,587935E-08
-4,097819E-08,9,667128E-07,-4,842877E-08
-4,470348E-08,9,136274E-07,-4,097819E-08
-4,842877E-08,7,748604E-07,-2,980232E-08
-5,215406E-08,7,24569E-07,-2,235174E-08
-5,960464E-08,6,565824E-07,-1,490116E-08
-6,332994E-08,5,206093E-07,0
-6,705523E-08,4,684553E-07,3,72529E-09
-7,078052E-08,3,995374E-07,1,117587E-08
-7,450581E-08,3,306195E-07,1,862645E-08
-7,82311E-08,2,635643E-07,2,607703E-08
-8,568168E-08,1,192093E-07,4,097819E-08
-9,313226E-08,4,93601E-08,4,842877E-08
-1,005828E-07,-1,490116E-08,5,587935E-08
-1,043081E-07,-8,288771E-08,6,705523E-08
-1,080334E-07,-1,518056E-07,7,450581E-08
-1,15484E-07,-2,8871E-07,8,568168E-08
-1,192093E-07,-3,566965E-07,9,685755E-08
-1,266599E-07,-4,200265E-07,1,043081E-07
-1,303852E-07,-4,982576E-07,1,117587E-07
-1,341105E-07,-5,289912E-07,1,192093E-07
-1,341105E-07,-4,768372E-07,1,117587E-07
-1,303852E-07,-3,082678E-07,1,005828E-07
-1,266599E-07,8,381903E-09,7,450581E-08
-1,192093E-07,1,18278E-07,6,332994E-08
-1,15484E-07,2,402812E-07,5,215406E-08
-1,117587E-07,3,529713E-07,4,470348E-08
-1,080334E-07,4,516914E-07,3,72529E-08
-1,117587E-07,3,548339E-07,4,470348E-08
-1,192093E-07,2,617016E-07,5,587935E-08
-1,229346E-07,2,300367E-07,5,960464E-08
-1,229346E-07,2,04891E-07,6,332994E-08
-1,303852E-07,8,195639E-08,7,450581E-08
-1,341105E-07,-3,073364E-08,8,568168E-08
-1,341105E-07,-7,357448E-08,8,940697E-08
-1,41561E-07,-1,499429E-07,9,685755E-08
-1,378357E-07,-1,788139E-07,1,005828E-07
-1,41561E-07,-2,104789E-07,1,043081E-07
-1,452863E-07,-2,803281E-07,1,117587E-07
-1,490116E-07,-3,650784E-07,1,192093E-07
-1,527369E-07,-4,265457E-07,1,266599E-07
-1,564622E-07,-5,206093E-07,1,341105E-07
-1,601875E-07,-5,80214E-07,1,41561E-07
-1,639128E-07,-6,314367E-07,1,452863E-07
-1,676381E-07,-7,236376E-07,1,564622E-07
-1,750886E-07,-7,47852E-07,1,601875E-07
-1,788139E-07,-8,149073E-07,1,713634E-07
-1,825392E-07,-8,745119E-07,1,750886E-07
-1,862645E-07,-8,987263E-07,1,788139E-07
-1,825392E-07,-9,257346E-07,1,825392E-07
-1,974404E-07,-9,769574E-07,1,937151E-07
-1,974404E-07,-9,229407E-07,1,899898E-07
-1,937151E-07,-8,903444E-07,1,862645E-07
-1,937151E-07,-8,279458E-07,1,825392E-07
-1,899898E-07,-8,130446E-07,1,788139E-07
-1,974404E-07,-9,136274E-07,1,899898E-07
-2,011657E-07,-9,173527E-07,1,937151E-07
-2,086163E-07,-9,685755E-07,1,974404E-07
-2,086163E-07,-9,322539E-07,1,974404E-07
-2,011657E-07,-8,577481E-07,1,937151E-07
-2,04891E-07,-7,664785E-07,1,862645E-07
-2,04891E-07,-7,012859E-07,1,825392E-07
-1,974404E-07,-5,131587E-07,1,639128E-07
-1,937151E-07,-3,548339E-07,1,490116E-07
-1,937151E-07,-2,468005E-07,1,452863E-07
-1,899898E-07,-2,142042E-07,1,41561E-07
-1,825392E-07,-1,406297E-07,1,341105E-07
-1,862645E-07,-5,681068E-08,1,266599E-07
-1,825392E-07,1,005828E-07,1,15484E-07
-1,750886E-07,1,601875E-07,1,080334E-07
-1,788139E-07,2,747402E-07,1,005828E-07
-1,750886E-07,3,771856E-07,9,313226E-08
-1,676381E-07,4,135072E-07,8,568168E-08
-1,713634E-07,4,759058E-07,8,195639E-08
-1,676381E-07,5,178154E-07,7,82311E-08
-1,713634E-07,6,342307E-07,7,078052E-08
-1,676381E-07,6,780028E-07,6,705523E-08
-1,639128E-07,7,115304E-07,6,332994E-08
-1,601875E-07,7,729977E-07,5,960464E-08
-1,639128E-07,8,34465E-07,5,215406E-08
-1,601875E-07,8,875504E-07,4,842877E-08
-1,527369E-07,1,183711E-06,2,235174E-08
-1,490116E-07,1,234934E-06,1,862645E-08
-1,452863E-07,1,312234E-06,1,117587E-08
-1,41561E-07,1,396053E-06,3,72529E-09
-1,378357E-07,1,449138E-06,0
-1,341105E-07,1,604669E-06,-1,490116E-08
-1,303852E-07,1,772307E-06,-2,980232E-08
-1,266599E-07,1,825392E-06,-3,352761E-08
-1,229346E-07,1,972541E-06,-4,842877E-08
-1,192093E-07,2,209097E-06,-6,332994E-08
-1,15484E-07,2,279878E-06,-7,078052E-08
-1,117587E-07,2,409332E-06,-8,195639E-08
-1,117587E-07,2,47173E-06,-8,568168E-08
-1,043081E-07,2,715737E-06,-1,080334E-07
-1,005828E-07,2,820045E-06,-1,15484E-07
-1,043081E-07,2,778135E-06,-1,117587E-07
-1,080334E-07,2,650544E-06,-9,685755E-08
-1,117587E-07,2,608635E-06,-9,313226E-08
-1,15484E-07,2,557412E-06,-8,940697E-08
-1,192093E-07,2,496876E-06,-8,195639E-08
-1,229346E-07,2,437271E-06,-7,450581E-08
-1,266599E-07,2,325512E-06,-6,332994E-08
-1,303852E-07,2,283603E-06,-5,960464E-08
-1,341105E-07,2,170913E-06,-4,842877E-08
-1,41561E-07,2,113171E-06,-4,097819E-08
-1,452863E-07,2,06288E-06,-3,72529E-08
-1,490116E-07,2,021901E-06,-2,980232E-08
-1,527369E-07,1,912005E-06,-1,862645E-08
-1,601875E-07,1,835637E-06,-7,450581E-09
-1,601875E-07,1,941808E-06,-1,490116E-08
-1,601875E-07,1,995824E-06,-1,862645E-08
-1,601875E-07,2,074987E-06,-2,607703E-08
-1,564622E-07,2,136454E-06,-2,980232E-08
-1,527369E-07,2,184883E-06,-3,72529E-08
-1,452863E-07,2,401881E-06,-5,587935E-08
-1,378357E-07,2,47173E-06,-6,332994E-08
-1,41561E-07,2,550893E-06,-6,705523E-08
-1,41561E-07,2,552755E-06,-6,705523E-08
-1,452863E-07,2,502464E-06,-6,332994E-08
-1,490116E-07,2,425164E-06,-5,215406E-08
-1,564622E-07,2,269633E-06,-3,72529E-08
-1,639128E-07,2,107583E-06,-2,235174E-08
-1,676381E-07,2,029352E-06,-1,490116E-08
-1,713634E-07,1,97906E-06,-1,117587E-08
-1,750886E-07,1,892447E-06,0
-1,788139E-07,1,81701E-06,7,450581E-09
-1,825392E-07,1,729466E-06,1,490116E-08
-1,862645E-07,1,686625E-06,1,862645E-08
-1,899898E-07,1,574866E-06,2,980232E-08
-1,937151E-07,1,559034E-06,3,352761E-08
-1,937151E-07,1,518056E-06,3,72529E-08
-2,011657E-07,1,481734E-06,4,097819E-08
-2,011657E-07,1,439825E-06,4,470348E-08
-2,011657E-07,1,403503E-06,4,842877E-08
-2,011657E-07,1,326203E-06,5,587935E-08
-2,086163E-07,1,248904E-06,6,332994E-08
-2,086163E-07,1,206063E-06,6,705523E-08
-2,160668E-07,1,11293E-06,7,82311E-08
-2,160668E-07,1,052395E-06,8,195639E-08
-2,197921E-07,1,017936E-06,8,568168E-08
-2,235174E-07,8,791685E-07,1,005828E-07
-2,272427E-07,7,757917E-07,1,117587E-07
-2,384186E-07,6,165355E-07,1,266599E-07
-2,458692E-07,5,559996E-07,1,341105E-07
-2,421439E-07,7,143244E-07,1,229346E-07
-2,384186E-07,8,009374E-07,1,15484E-07
-2,346933E-07,8,37259E-07,1,117587E-07
-2,30968E-07,8,894131E-07,1,080334E-07
-2,346933E-07,1,045875E-06,9,313226E-08
-2,30968E-07,1,16881E-06,8,568168E-08
-2,272427E-07,1,205131E-06,8,195639E-08
-2,235174E-07,1,282431E-06,7,450581E-08
-2,197921E-07,1,510605E-06,5,587935E-08
-2,160668E-07,1,595356E-06,4,842877E-08
-2,086163E-07,1,787208E-06,2,980232E-08
-2,04891E-07,1,97906E-06,1,490116E-08
-2,011657E-07,2,074055E-06,7,450581E-09
-1,974404E-07,2,170913E-06,-3,72529E-09
-1,937151E-07,2,266839E-06,-1,117587E-08


Login date: 23/07/2020 17:52:28
position_change:  
0,0,0
0,0,0
1,117587E-08,6,863847E-07,-7,078052E-08
5,215406E-08,1,466833E-06,-1,490116E-07
1,601875E-07,3,932975E-06,-3,837049E-07
1,750886E-07,4,29526E-06,-4,209578E-07
1,639128E-07,4,124828E-06,-4,023314E-07
1,452863E-07,3,73926E-06,-3,613532E-07
1,117587E-07,3,255904E-06,-3,091991E-07
1,080334E-07,3,206544E-06,-3,017485E-07
1,117587E-07,3,285706E-06,-3,091991E-07
1,15484E-07,3,423542E-06,-3,20375E-07
1,229346E-07,3,552996E-06,-3,352761E-07
1,192093E-07,3,517605E-06,-3,278255E-07
1,15484E-07,3,440306E-06,-3,20375E-07
1,117587E-07,3,347173E-06,-3,129244E-07
1,080334E-07,3,243797E-06,-3,017485E-07
1,005828E-07,3,124587E-06,-2,905726E-07
9,685755E-08,3,047287E-06,-2,831221E-07
9,313226E-08,3,005378E-06,-2,756715E-07
8,940697E-08,2,903864E-06,-2,644956E-07
7,82311E-08,2,751127E-06,-2,458692E-07
7,078052E-08,2,642162E-06,-2,346933E-07
6,705523E-08,2,606772E-06,-2,30968E-07
6,332994E-08,2,564862E-06,-2,272427E-07
5,960464E-08,2,409332E-06,-2,123415E-07
5,587935E-08,2,373941E-06,-2,086163E-07
5,215406E-08,2,297573E-06,-2,011657E-07
4,842877E-08,2,254732E-06,-1,974404E-07
4,470348E-08,2,19699E-06,-1,899898E-07
4,097819E-08,2,137385E-06,-1,825392E-07
3,72529E-08,2,094544E-06,-1,788139E-07
3,352761E-08,2,034009E-06,-1,713634E-07
2,980232E-08,1,977198E-06,-1,639128E-07
2,607703E-08,1,856126E-06,-1,527369E-07
2,235174E-08,1,815148E-06,-1,452863E-07
1,490116E-08,1,773238E-06,-1,41561E-07
1,117587E-08,1,707114E-06,-1,341105E-07
7,450581E-09,1,559034E-06,-1,192093E-07
3,72529E-09,1,517124E-06,-1,15484E-07
-3,72529E-09,1,396984E-06,-1,043081E-07
-7,450581E-09,1,337379E-06,-9,685755E-08
-7,450581E-09,1,29547E-06,-9,313226E-08
-1,117587E-08,1,207925E-06,-8,568168E-08
-1,490116E-08,1,148321E-06,-7,82311E-08
-1,862645E-08,1,106411E-06,-7,450581E-08
-1,862645E-08,1,055188E-06,-7,078052E-08
-2,235174E-08,9,676442E-07,-5,960464E-08
-1,862645E-08,1,008622E-06,-6,332994E-08
-2,235174E-08,1,029111E-06,-6,705523E-08
-2,607703E-08,9,601936E-07,-5,960464E-08
-3,352761E-08,8,586794E-07,-4,470348E-08
-3,72529E-08,7,906929E-07,-3,72529E-08
-4,470348E-08,7,320195E-07,-3,352761E-08
-4,842877E-08,6,826594E-07,-2,607703E-08
-4,842877E-08,7,357448E-07,-2,980232E-08
-4,097819E-08,8,819625E-07,-4,470348E-08
-3,72529E-08,9,415671E-07,-4,842877E-08
-3,352761E-08,9,685755E-07,-5,215406E-08
-4,097819E-08,9,546056E-07,-4,842877E-08
-4,097819E-08,9,201467E-07,-4,470348E-08
-4,842877E-08,8,884817E-07,-4,097819E-08
-4,470348E-08,8,698553E-07,-3,72529E-08
-5,215406E-08,8,37259E-07,-3,352761E-08
-5,587935E-08,7,422641E-07,-2,607703E-08
-5,587935E-08,6,714836E-07,-1,862645E-08
-5,960464E-08,5,699694E-07,-7,450581E-09
-6,705523E-08,4,684553E-07,3,72529E-09
-7,078052E-08,4,423782E-07,7,450581E-09
-7,450581E-08,3,911555E-07,1,117587E-08
-7,078052E-08,3,548339E-07,1,490116E-08
-7,450581E-08,3,045425E-07,1,862645E-08
-7,82311E-08,2,207235E-07,2,980232E-08
-8,195639E-08,1,508743E-07,3,72529E-08
-8,940697E-08,1,201406E-07,4,097819E-08
-9,313226E-08,9,406358E-08,4,470348E-08
-8,940697E-08,4,004687E-08,4,842877E-08
-9,685755E-08,7,450581E-09,5,215406E-08
-1,005828E-07,-4,284084E-08,5,960464E-08
-1,043081E-07,-7,357448E-08,6,332994E-08
-1,080334E-07,-1,247972E-07,7,078052E-08
-1,117587E-07,-2,263114E-07,8,195639E-08
-1,229346E-07,-3,259629E-07,9,685755E-08
-1,378357E-07,-4,032627E-07,1,080334E-07
-1,303852E-07,-2,62633E-07,1,005828E-07
-1,341105E-07,-2,002344E-07,9,685755E-08
-1,303852E-07,-9,592623E-08,8,568168E-08
-1,266599E-07,-5,308539E-08,8,195639E-08
-1,266599E-07,8,381903E-09,7,82311E-08
-1,229346E-07,3,073364E-08,7,450581E-08
-1,15484E-07,1,99303E-07,5,960464E-08
-1,15484E-07,2,849847E-07,5,215406E-08
-1,15484E-07,3,743917E-07,4,470348E-08
-1,117587E-07,4,768372E-07,3,352761E-08
-1,080334E-07,5,559996E-07,2,980232E-08
-1,043081E-07,6,249174E-07,2,235174E-08
-1,005828E-07,7,040799E-07,1,490116E-08
-9,685755E-08,7,729977E-07,1,117587E-08
-1,005828E-07,8,866191E-07,0
-9,313226E-08,9,564683E-07,-7,450581E-09
-8,940697E-08,1,139008E-06,-2,235174E-08
-8,195639E-08,1,283363E-06,-3,72529E-08
-7,82311E-08,1,210719E-06,-3,352761E-08
-8,568168E-08,1,178123E-06,-2,980232E-08
-8,940697E-08,1,015142E-06,-1,117587E-08
-9,313226E-08,9,639189E-07,-7,450581E-09
-9,685755E-08,8,959323E-07,0
-1,005828E-07,8,11182E-07,7,450581E-09
-1,043081E-07,7,078052E-07,1,862645E-08
-1,043081E-07,6,621704E-07,2,235174E-08
-1,117587E-07,5,932525E-07,2,980232E-08
-1,117587E-07,5,429611E-07,3,352761E-08
-1,192093E-07,4,498288E-07,4,470348E-08
-1,229346E-07,4,088506E-07,4,842877E-08
-1,266599E-07,3,660098E-07,5,587935E-08
-1,303852E-07,3,073364E-07,6,332994E-08
-1,341105E-07,2,561137E-07,6,705523E-08
-1,378357E-07,1,983717E-07,7,450581E-08
-1,452863E-07,8,754432E-08,8,940697E-08
-1,527369E-07,-3,073364E-08,1,005828E-07
-1,564622E-07,-9,126961E-08,1,080334E-07
-1,601875E-07,-2,04891E-07,1,192093E-07
-1,639128E-07,-2,635643E-07,1,266599E-07
-1,639128E-07,-1,089647E-07,1,15484E-07
-1,601875E-07,-9,592623E-08,1,117587E-07
-1,601875E-07,-1,583248E-08,1,043081E-07
-1,601875E-07,3,632158E-08,1,005828E-07
-1,527369E-07,5,029142E-08,9,685755E-08
-1,527369E-07,1,117587E-07,9,313226E-08
-1,527369E-07,2,002344E-07,8,568168E-08
-1,527369E-07,2,523884E-07,8,195639E-08
-1,452863E-07,4,805624E-07,6,332994E-08
-1,41561E-07,5,243346E-07,5,960464E-08
-1,41561E-07,6,472692E-07,5,215406E-08
-1,41561E-07,7,804483E-07,4,097819E-08
-1,378357E-07,9,397045E-07,2,980232E-08
-1,341105E-07,1,177192E-06,1,117587E-08
-1,229346E-07,1,410954E-06,-7,450581E-09
-1,229346E-07,1,46497E-06,-1,117587E-08
-1,266599E-07,1,52085E-06,-1,490116E-08
-1,378357E-07,1,395121E-06,0
-1,41561E-07,1,329929E-06,1,117587E-08
-1,41561E-07,1,442619E-06,0
-1,41561E-07,1,495704E-06,-3,72529E-09
-1,341105E-07,1,73226E-06,-2,235174E-08
-1,378357E-07,1,698732E-06,-1,862645E-08
-1,378357E-07,1,751818E-06,-2,235174E-08
-1,341105E-07,1,900829E-06,-3,352761E-08
-1,341105E-07,1,841225E-06,-2,980232E-08
-1,378357E-07,1,815148E-06,-2,607703E-08
-1,41561E-07,1,684763E-06,-1,490116E-08
-1,452863E-07,1,652166E-06,-1,117587E-08
-1,452863E-07,1,627021E-06,-7,450581E-09
-1,452863E-07,1,582317E-06,-3,72529E-09
-1,490116E-07,1,540408E-06,0
-1,527369E-07,1,515262E-06,3,72529E-09
-1,527369E-07,1,437031E-06,1,117587E-08
-1,564622E-07,1,39419E-06,1,490116E-08
-1,601875E-07,1,378357E-06,1,862645E-08
-1,601875E-07,1,328066E-06,2,235174E-08
-1,676381E-07,1,206994E-06,3,352761E-08
-1,676381E-07,1,136214E-06,4,097819E-08
-1,750886E-07,1,059845E-06,4,842877E-08
-1,750886E-07,1,027249E-06,5,215406E-08
-1,825392E-07,9,490177E-07,5,960464E-08
-1,788139E-07,1,008622E-06,5,587935E-08
-1,750886E-07,1,069158E-06,4,842877E-08
-1,713634E-07,1,161359E-06,4,097819E-08
-1,676381E-07,1,258217E-06,2,980232E-08
-1,639128E-07,1,317821E-06,2,607703E-08
-1,601875E-07,1,414679E-06,1,862645E-08
-1,564622E-07,1,438893E-06,1,490116E-08
-1,601875E-07,1,511537E-06,1,117587E-08
-1,564622E-07,1,607463E-06,0
-1,527369E-07,1,64099E-06,-3,72529E-09
-1,527369E-07,1,764856E-06,-1,117587E-08
-1,490116E-07,1,860783E-06,-1,862645E-08
-1,452863E-07,1,89431E-06,-2,235174E-08
-1,41561E-07,2,053566E-06,-3,352761E-08
-1,452863E-07,2,126209E-06,-3,72529E-08
-1,41561E-07,2,150424E-06,-4,097819E-08
-1,452863E-07,2,186745E-06,-4,470348E-08
-1,41561E-07,2,248213E-06,-4,842877E-08
-1,41561E-07,2,372079E-06,-5,960464E-08
-1,378357E-07,2,362765E-06,-5,587935E-08
-1,378357E-07,2,504326E-06,-6,705523E-08
-1,341105E-07,2,750196E-06,-8,568168E-08
-1,341105E-07,2,785586E-06,-8,940697E-08
-1,266599E-07,2,828427E-06,-9,313226E-08
-1,303852E-07,2,944842E-06,-1,005828E-07
-1,303852E-07,2,988614E-06,-1,043081E-07
-1,303852E-07,3,040768E-06,-1,080334E-07
-1,229346E-07,3,118999E-06,-1,15484E-07
-1,229346E-07,3,22517E-06,-1,229346E-07
-1,266599E-07,3,166497E-06,-1,15484E-07
-1,341105E-07,3,073364E-06,-1,080334E-07
-1,378357E-07,3,012829E-06,-1,005828E-07
-1,378357E-07,2,934597E-06,-9,313226E-08
-1,41561E-07,2,883375E-06,-8,940697E-08
-1,452863E-07,2,842396E-06,-8,195639E-08
-1,527369E-07,2,724119E-06,-7,078052E-08
-1,601875E-07,2,568588E-06,-5,587935E-08
-1,639128E-07,2,516434E-06,-4,842877E-08
-1,639128E-07,2,551824E-06,-5,215406E-08
-1,601875E-07,2,772547E-06,-6,705523E-08
-1,527369E-07,3,007241E-06,-8,940697E-08
-1,452863E-07,3,050081E-06,-9,313226E-08
-1,452863E-07,3,137626E-06,-1,005828E-07
-1,41561E-07,3,19723E-06,-1,043081E-07
-1,41561E-07,3,286637E-06,-1,117587E-07
-1,41561E-07,3,363937E-06,-1,192093E-07
-1,341105E-07,3,407709E-06,-1,229346E-07
-1,341105E-07,3,449619E-06,-1,266599E-07
-1,378357E-07,3,523193E-06,-1,341105E-07
-1,341105E-07,3,581867E-06,-1,378357E-07
-1,341105E-07,3,61912E-06,-1,41561E-07
-1,378357E-07,3,57721E-06,-1,378357E-07
-1,378357E-07,3,506429E-06,-1,303852E-07
-1,41561E-07,3,438443E-06,-1,229346E-07
-1,490116E-07,3,372319E-06,-1,15484E-07
-1,490116E-07,3,33786E-06,-1,117587E-07
-1,490116E-07,3,312714E-06,-1,080334E-07
-1,564622E-07,3,280118E-06,-1,043081E-07
-1,564622E-07,3,254972E-06,-1,005828E-07
-1,601875E-07,3,186055E-06,-9,313226E-08
-1,750886E-07,3,026798E-06,-7,450581E-08
-1,713634E-07,3,016554E-06,-7,078052E-08
-1,713634E-07,3,238209E-06,-8,940697E-08
-1,676381E-07,3,361143E-06,-9,685755E-08
-1,676381E-07,3,469177E-06,-1,043081E-07
-1,639128E-07,3,628433E-06,-1,15484E-07
-1,639128E-07,3,653578E-06,-1,192093E-07
-1,676381E-07,3,586523E-06,-1,117587E-07
-1,750886E-07,3,500842E-06,-1,043081E-07
-1,750886E-07,3,456138E-06,-1,005828E-07
-1,750886E-07,3,430992E-06,-9,685755E-08
-1,788139E-07,3,363006E-06,-8,940697E-08
-1,862645E-07,3,306195E-06,-8,195639E-08
-1,862645E-07,3,261492E-06,-7,82311E-08
-1,937151E-07,3,080815E-06,-5,960464E-08
-2,011657E-07,3,014691E-06,-5,215406E-08
-2,011657E-07,2,988614E-06,-4,842877E-08
-2,04891E-07,2,9644E-06,-4,470348E-08
-2,04891E-07,3,089197E-06,-5,215406E-08
-2,123415E-07,3,014691E-06,-4,470348E-08
-2,123415E-07,2,979301E-06,-4,097819E-08
-2,160668E-07,2,981164E-06,-3,72529E-08
-2,160668E-07,3,017485E-06,-4,097819E-08
-2,086163E-07,3,136694E-06,-5,215406E-08
-1,974404E-07,3,299676E-06,-6,705523E-08
-2,011657E-07,3,335066E-06,-7,078052E-08
-1,974404E-07,3,420748E-06,-7,82311E-08
-1,974404E-07,3,521331E-06,-8,568168E-08
-1,899898E-07,3,606081E-06,-9,313226E-08
-2,011657E-07,3,521331E-06,-8,568168E-08
-1,974404E-07,3,497116E-06,-8,195639E-08
-2,011657E-07,3,400259E-06,-7,450581E-08
-2,04891E-07,3,350899E-06,-6,705523E-08
-2,086163E-07,3,254041E-06,-5,960464E-08
-2,197921E-07,3,118999E-06,-4,470348E-08
-2,235174E-07,3,07709E-06,-4,097819E-08
-2,235174E-07,3,033318E-06,-3,72529E-08
-2,272427E-07,2,973713E-06,-2,980232E-08
-2,272427E-07,2,929009E-06,-2,607703E-08
-2,346933E-07,2,731569E-06,-7,450581E-09
-2,346933E-07,2,705492E-06,-3,72529E-09
-2,421439E-07,2,627261E-06,3,72529E-09
-2,421439E-07,2,596527E-06,7,450581E-09
-2,495944E-07,2,571382E-06,1,117587E-08
-2,495944E-07,2,519228E-06,1,490116E-08
-2,57045E-07,2,37301E-06,2,980232E-08
-2,57045E-07,2,33762E-06,3,352761E-08
-2,57045E-07,2,294779E-06,3,72529E-08
-2,607703E-07,2,207235E-06,4,470348E-08
-2,644956E-07,2,18302E-06,4,842877E-08
-2,644956E-07,2,104789E-06,5,587935E-08
-2,682209E-07,2,080575E-06,5,960464E-08
-2,719462E-07,2,003275E-06,6,705523E-08
-2,756715E-07,1,934357E-06,7,450581E-08
-2,793968E-07,1,883134E-06,7,82311E-08
-2,793968E-07,1,856126E-06,8,195639E-08
-2,793968E-07,1,804903E-06,8,568168E-08
-2,868474E-07,1,771376E-06,8,940697E-08
-2,868474E-07,1,736917E-06,9,313226E-08
-2,868474E-07,1,694076E-06,9,685755E-08
-2,905726E-07,1,659617E-06,1,043081E-07
-2,942979E-07,1,602806E-06,1,080334E-07
-2,980232E-07,1,453795E-06,1,229346E-07
-3,017485E-07,1,410954E-06,1,266599E-07
-3,054738E-07,1,333654E-06,1,341105E-07
-3,091991E-07,1,256354E-06,1,41561E-07
-3,129244E-07,1,231208E-06,1,452863E-07
-3,091991E-07,1,2042E-06,1,490116E-07
-3,129244E-07,1,153909E-06,1,527369E-07
-3,166497E-07,1,137145E-06,1,564622E-07
-3,20375E-07,1,096167E-06,1,601875E-07
-3,241003E-07,1,07009E-06,1,639128E-07
-3,241003E-07,1,008622E-06,1,676381E-07
-3,278255E-07,9,918585E-07,1,713634E-07
-3,241003E-07,9,667128E-07,1,750886E-07
-3,278255E-07,9,061769E-07,1,788139E-07
-3,315508E-07,8,484349E-07,1,862645E-07
-3,352761E-07,7,618219E-07,1,937151E-07
-3,390014E-07,7,459894E-07,1,974404E-07
-3,427267E-07,7,031485E-07,2,011657E-07
-3,46452E-07,6,789342E-07,2,04891E-07
-3,427267E-07,6,593764E-07,2,086163E-07
-3,501773E-07,6,025657E-07,2,123415E-07
-3,539026E-07,5,764887E-07,2,160668E-07
-3,539026E-07,5,16884E-07,2,235174E-07
-3,576279E-07,5,010515E-07,2,272427E-07
-3,613532E-07,4,153699E-07,2,346933E-07
-3,72529E-07,2,356246E-07,2,533197E-07
-3,874302E-07,3,352761E-08,2,793968E-07
-3,874302E-07,-1,769513E-08,2,831221E-07
-3,948808E-07,-5,029142E-08,2,868474E-07
-3,948808E-07,-1,210719E-07,2,942979E-07
-4,023314E-07,-2,654269E-07,3,091991E-07
-4,023314E-07,-3,185123E-07,3,129244E-07
-4,172325E-07,-5,112961E-07,3,352761E-07
-4,246831E-07,-5,522743E-07,3,427267E-07
-4,284084E-07,-5,941838E-07,3,46452E-07
-4,284084E-07,-6,537884E-07,3,539026E-07
-4,35859E-07,-7,655472E-07,3,650784E-07
-4,395843E-07,-8,074567E-07,3,688037E-07
-4,433095E-07,-9,099022E-07,3,799796E-07
-4,507601E-07,-9,145588E-07,3,837049E-07
-4,433095E-07,-7,21775E-07,3,688037E-07
-4,395843E-07,-6,807968E-07,3,650784E-07
-4,35859E-07,-6,463379E-07,3,613532E-07
-4,35859E-07,-6,044284E-07,3,576279E-07
-4,395843E-07,-5,653128E-07,3,539026E-07
-4,35859E-07,-5,038455E-07,3,501773E-07
-4,35859E-07,-4,693866E-07,3,46452E-07
-4,321337E-07,-4,274771E-07,3,427267E-07
-4,284084E-07,-2,523884E-07,3,278255E-07
-4,284084E-07,-2,095476E-07,3,241003E-07
-4,246831E-07,-1,7602E-07,3,20375E-07
-4,209578E-07,-5,215406E-08,3,091991E-07
-4,172325E-07,4,377216E-08,3,017485E-07
-4,135072E-07,1,024455E-07,2,942979E-07
-4,135072E-07,6,332994E-08,2,942979E-07
-4,172325E-07,-9,313226E-10,3,017485E-07
-4,172325E-07,-4,749745E-08,3,054738E-07
-4,209578E-07,-7,078052E-08,3,091991E-07
-4,209578E-07,-8,381903E-09,3,054738E-07
-4,135072E-07,1,462176E-07,2,905726E-07
-4,097819E-07,1,816079E-07,2,868474E-07
-4,060566E-07,2,142042E-07,2,831221E-07
-4,097819E-07,2,756715E-07,2,793968E-07
-4,060566E-07,3,697351E-07,2,719462E-07
-4,023314E-07,4,93601E-07,2,607703E-07
-3,986061E-07,5,271286E-07,2,57045E-07
-3,948808E-07,5,532056E-07,2,533197E-07
-3,986061E-07,5,904585E-07,2,495944E-07
-3,911555E-07,8,139759E-07,2,30968E-07
-3,874302E-07,9,732321E-07,2,197921E-07
-3,837049E-07,1,128763E-06,2,04891E-07
-3,762543E-07,1,163222E-06,2,011657E-07
-3,799796E-07,1,224689E-06,1,974404E-07
-3,762543E-07,1,320615E-06,1,899898E-07
-3,72529E-07,1,347624E-06,1,862645E-07
-3,762543E-07,1,383014E-06,1,825392E-07
-3,688037E-07,1,502223E-06,1,713634E-07
-3,650784E-07,1,63354E-06,1,601875E-07
-3,613532E-07,1,692213E-06,1,564622E-07
-3,539026E-07,1,814216E-06,1,452863E-07
-3,576279E-07,1,849607E-06,1,41561E-07
-3,539026E-07,1,944602E-06,1,341105E-07
-3,46452E-07,2,102926E-06,1,192093E-07
-3,427267E-07,2,128072E-06,1,15484E-07
-3,390014E-07,2,442859E-06,8,940697E-08
-3,352761E-07,2,574176E-06,7,82311E-08
-3,352761E-07,2,698041E-06,7,078052E-08
-3,278255E-07,2,731569E-06,6,705523E-08
-3,278255E-07,2,871267E-06,5,587935E-08
-3,241003E-07,3,074296E-06,4,097819E-08
-3,20375E-07,3,178604E-06,2,980232E-08
-3,166497E-07,3,263354E-06,2,235174E-08
-3,091991E-07,3,438443E-06,7,450581E-09
-3,054738E-07,3,631227E-06,-7,450581E-09
-3,054738E-07,3,674068E-06,-1,117587E-08
-2,980232E-07,3,708526E-06,-1,490116E-08
-3,017485E-07,3,718771E-06,-1,862645E-08
-3,091991E-07,3,615394E-06,-7,450581E-09
-3,091991E-07,3,56324E-06,-3,72529E-09
-3,091991E-07,3,49246E-06,3,72529E-09
-3,166497E-07,3,459863E-06,7,450581E-09
-3,166497E-07,3,400259E-06,1,490116E-08
-3,20375E-07,3,322028E-06,2,235174E-08
-3,315508E-07,3,099442E-06,4,470348E-08
-3,427267E-07,2,948567E-06,6,332994E-08
-3,501773E-07,2,915971E-06,6,705523E-08
-3,501773E-07,2,847984E-06,7,450581E-08
-3,576279E-07,2,778135E-06,8,195639E-08
-3,576279E-07,2,699904E-06,8,940697E-08
-3,688037E-07,2,506189E-06,1,117587E-07
-3,762543E-07,2,360903E-06,1,266599E-07
-3,837049E-07,2,318993E-06,1,303852E-07
-3,874302E-07,2,322719E-06,1,341105E-07
-3,837049E-07,2,314337E-06,1,378357E-07
-3,837049E-07,2,357177E-06,1,341105E-07
-3,837049E-07,2,435409E-06,1,266599E-07
-3,799796E-07,2,68314E-06,1,080334E-07
-3,72529E-07,2,716668E-06,1,043081E-07
-3,762543E-07,2,751127E-06,1,005828E-07
-3,72529E-07,2,9644E-06,8,568168E-08
-3,72529E-07,3,007241E-06,8,195639E-08
-3,650784E-07,3,137626E-06,7,078052E-08
-3,650784E-07,3,219582E-06,6,332994E-08
-3,688037E-07,3,204681E-06,6,705523E-08
-3,72529E-07,3,134832E-06,7,450581E-08
-3,762543E-07,3,128313E-06,7,82311E-08
-3,799796E-07,3,210269E-06,7,450581E-08
-3,72529E-07,3,338791E-06,6,332994E-08
-3,72529E-07,3,375113E-06,5,960464E-08
-3,688037E-07,3,586523E-06,4,470348E-08
-3,650784E-07,3,746711E-06,2,980232E-08
-3,688037E-07,3,737397E-06,3,352761E-08
-3,688037E-07,3,697351E-06,3,72529E-08
-3,72529E-07,3,661029E-06,4,097819E-08
-3,762543E-07,3,620051E-06,4,470348E-08
-3,762543E-07,3,584661E-06,4,842877E-08
-3,837049E-07,3,467314E-06,6,332994E-08
-3,874302E-07,3,389083E-06,7,078052E-08
-3,948808E-07,3,297813E-06,8,195639E-08
-3,986061E-07,3,248453E-06,8,940697E-08
-4,060566E-07,3,15439E-06,9,685755E-08
-4,097819E-07,3,130175E-06,1,005828E-07
-4,097819E-07,3,093854E-06,1,043081E-07
-4,172325E-07,2,913177E-06,1,229346E-07
-4,209578E-07,2,871267E-06,1,266599E-07
-4,246831E-07,2,847053E-06,1,303852E-07
-4,209578E-07,2,820045E-06,1,341105E-07
-4,246831E-07,2,768822E-06,1,378357E-07
-4,321337E-07,2,613291E-06,1,527369E-07
-4,321337E-07,2,614222E-06,1,564622E-07
-4,35859E-07,2,659857E-06,1,527369E-07
-4,321337E-07,2,755783E-06,1,452863E-07
-4,321337E-07,2,808869E-06,1,41561E-07
-4,246831E-07,2,867542E-06,1,341105E-07
-4,246831E-07,2,919696E-06,1,303852E-07
-4,246831E-07,2,954155E-06,1,266599E-07
-4,246831E-07,2,988614E-06,1,229346E-07
-4,172325E-07,3,111549E-06,1,117587E-07
-4,172325E-07,3,241003E-06,1,005828E-07
-4,135072E-07,3,336929E-06,9,313226E-08
-4,135072E-07,3,390014E-06,8,940697E-08
-4,060566E-07,3,566034E-06,7,450581E-08
-4,023314E-07,3,582798E-06,7,078052E-08
-4,060566E-07,3,547408E-06,7,450581E-08
-4,060566E-07,3,575347E-06,7,450581E-08
-4,097819E-07,3,54927E-06,7,82311E-08
-4,172325E-07,3,500842E-06,8,195639E-08
-4,209578E-07,3,398396E-06,9,313226E-08
-4,209578E-07,3,363006E-06,9,685755E-08
-4,209578E-07,3,329478E-06,1,005828E-07
-4,284084E-07,3,295951E-06,1,043081E-07
-4,284084E-07,3,26056E-06,1,080334E-07
-4,35859E-07,3,150664E-06,1,192093E-07
-4,35859E-07,3,081746E-06,1,266599E-07
-4,35859E-07,3,038906E-06,1,303852E-07
-4,395843E-07,3,003515E-06,1,341105E-07
-4,433095E-07,2,970919E-06,1,378357E-07
-4,433095E-07,2,93646E-06,1,41561E-07
-4,507601E-07,2,903864E-06,1,452863E-07
-4,470348E-07,2,877787E-06,1,490116E-07
-4,507601E-07,2,827495E-06,1,527369E-07
-4,544854E-07,2,766028E-06,1,601875E-07
-4,544854E-07,2,731569E-06,1,639128E-07
-4,582107E-07,2,707355E-06,1,676381E-07
-4,693866E-07,2,573244E-06,1,825392E-07
-4,693866E-07,2,547167E-06,1,862645E-07
-4,768372E-07,2,427958E-06,1,974404E-07
-4,768372E-07,2,392568E-06,2,011657E-07
-4,805624E-07,2,366491E-06,2,04891E-07
-4,842877E-07,2,284534E-06,2,123415E-07
-4,917383E-07,2,183951E-06,2,272427E-07
-4,954636E-07,2,163462E-06,2,30968E-07
-4,991889E-07,2,123415E-06,2,346933E-07
-5,029142E-07,2,040528E-06,2,421439E-07
-5,066395E-07,1,97906E-06,2,495944E-07
-5,066395E-07,1,944602E-06,2,533197E-07
-5,140901E-07,1,825392E-06,2,644956E-07
-5,140901E-07,1,798384E-06,2,682209E-07
-5,178154E-07,1,747161E-06,2,719462E-07
-5,252659E-07,1,680106E-06,2,793968E-07
-5,215406E-07,1,644716E-06,2,831221E-07
-5,252659E-07,1,59163E-06,2,905726E-07
-5,289912E-07,1,543202E-06,2,942979E-07
-5,327165E-07,1,518056E-06,2,980232E-07
-5,364418E-07,1,390465E-06,3,091991E-07
-5,401671E-07,1,339242E-06,3,166497E-07
-5,476177E-07,1,279637E-06,3,241003E-07
-5,51343E-07,1,317821E-06,3,241003E-07
-5,51343E-07,1,478009E-06,3,129244E-07
-5,476177E-07,1,583248E-06,3,054738E-07
-5,438924E-07,1,652166E-06,2,980232E-07
-5,438924E-07,1,600944E-06,3,017485E-07
-5,51343E-07,1,479872E-06,3,129244E-07
-5,51343E-07,1,436099E-06,3,166497E-07
-5,587935E-07,1,289882E-06,3,315508E-07
-5,550683E-07,1,315959E-06,3,315508E-07
-5,51343E-07,1,46497E-06,3,20375E-07
-5,51343E-07,1,606531E-06,3,091991E-07
-5,438924E-07,1,727603E-06,2,980232E-07
-5,438924E-07,1,761131E-06,2,942979E-07
-5,438924E-07,1,848675E-06,2,868474E-07
-5,438924E-07,1,883134E-06,2,831221E-07
-5,401671E-07,1,90828E-06,2,793968E-07
-5,364418E-07,1,959503E-06,2,756715E-07
-5,364418E-07,1,993962E-06,2,719462E-07
-5,327165E-07,2,186745E-06,2,57045E-07
-5,252659E-07,2,440065E-06,2,346933E-07
-5,289912E-07,2,388842E-06,2,384186E-07
-5,289912E-07,2,346002E-06,2,421439E-07
-5,289912E-07,2,302229E-06,2,458692E-07
-5,438924E-07,2,141111E-06,2,644956E-07
-5,438924E-07,2,107583E-06,2,682209E-07
-5,438924E-07,2,075918E-06,2,719462E-07
-5,438924E-07,2,039596E-06,2,756715E-07
-5,476177E-07,1,97906E-06,2,831221E-07
-5,587935E-07,1,816079E-06,2,980232E-07
-5,625188E-07,1,757406E-06,3,054738E-07
-5,625188E-07,1,705252E-06,3,091991E-07
-5,662441E-07,1,627021E-06,3,166497E-07
-5,699694E-07,1,603737E-06,3,20375E-07
-5,7742E-07,1,455657E-06,3,352761E-07
-5,848706E-07,1,345761E-06,3,46452E-07
-5,848706E-07,1,258217E-06,3,539026E-07
-5,923212E-07,1,124106E-06,3,688037E-07
-5,997717E-07,9,862706E-07,3,837049E-07
-6,072223E-07,9,443611E-07,3,874302E-07
-6,072223E-07,8,316711E-07,3,986061E-07
-6,146729E-07,7,990748E-07,4,023314E-07
-6,109476E-07,7,897615E-07,4,060566E-07
-6,109476E-07,8,242205E-07,4,023314E-07
-6,109476E-07,8,484349E-07,3,986061E-07
-6,072223E-07,8,754432E-07,3,948808E-07
-6,03497E-07,9,424984E-07,3,874302E-07
-6,03497E-07,1,003034E-06,3,837049E-07
-5,960464E-07,1,079403E-06,3,762543E-07
-5,960464E-07,1,114793E-06,3,72529E-07
-5,885959E-07,1,192093E-06,3,650784E-07
-5,885959E-07,1,260079E-06,3,576279E-07
-5,885959E-07,1,304783E-06,3,539026E-07
-5,811453E-07,1,338311E-06,3,501773E-07
-5,736947E-07,1,648441E-06,3,20375E-07
-5,625188E-07,1,740642E-06,3,091991E-07
-5,625188E-07,1,776032E-06,3,054738E-07
-5,51343E-07,1,939945E-06,2,905726E-07
-5,51343E-07,2,113171E-06,2,756715E-07
-5,51343E-07,2,156943E-06,2,719462E-07
-5,476177E-07,2,200715E-06,2,682209E-07
-5,438924E-07,2,225861E-06,2,644956E-07
-5,401671E-07,2,286397E-06,2,607703E-07
-5,438924E-07,2,313405E-06,2,57045E-07
-5,401671E-07,2,332032E-06,2,533197E-07
-5,438924E-07,2,305023E-06,2,57045E-07
-5,476177E-07,2,252869E-06,2,607703E-07
-5,476177E-07,2,141111E-06,2,719462E-07
-5,550683E-07,2,030283E-06,2,831221E-07
-5,625188E-07,1,952983E-06,2,905726E-07
-5,662441E-07,1,859851E-06,3,017485E-07
-5,662441E-07,1,815148E-06,3,054738E-07
-5,736947E-07,1,70432E-06,3,166497E-07
-5,736947E-07,1,660548E-06,3,20375E-07
-5,811453E-07,1,523644E-06,3,352761E-07
-5,811453E-07,1,488253E-06,3,390014E-07
-5,885959E-07,1,404434E-06,3,46452E-07
-5,885959E-07,1,369976E-06,3,501773E-07
-5,960464E-07,1,259148E-06,3,613532E-07
-6,03497E-07,1,034699E-06,3,837049E-07
-6,109476E-07,1,001172E-06,3,874302E-07
-6,109476E-07,9,750947E-07,3,911555E-07
-6,183982E-07,8,037314E-07,4,060566E-07
-6,183982E-07,7,357448E-07,4,135072E-07
-6,221235E-07,7,804483E-07,4,135072E-07
-6,146729E-07,8,484349E-07,4,060566E-07
-6,146729E-07,8,828938E-07,4,023314E-07
-6,109476E-07,9,434298E-07,3,986061E-07
-6,109476E-07,9,965152E-07,3,948808E-07
-6,109476E-07,1,129694E-06,3,837049E-07
-6,03497E-07,1,206063E-06,3,762543E-07
-6,03497E-07,1,247972E-06,3,72529E-07
-6,03497E-07,1,327135E-06,3,650784E-07
-5,997717E-07,1,574866E-06,3,46452E-07
-5,997717E-07,1,627021E-06,3,427267E-07
-5,923212E-07,1,685694E-06,3,352761E-07
-5,923212E-07,1,720153E-06,3,315508E-07
-5,885959E-07,1,788139E-06,3,241003E-07
-5,848706E-07,1,839362E-06,3,20375E-07
-5,736947E-07,2,047047E-06,2,980232E-07
-5,736947E-07,2,088957E-06,2,942979E-07
-5,662441E-07,2,528541E-06,2,607703E-07
-5,662441E-07,2,581626E-06,2,57045E-07
-5,587935E-07,2,614222E-06,2,533197E-07
-5,587935E-07,2,74647E-06,2,421439E-07
-5,550683E-07,2,958812E-06,2,272427E-07
-5,550683E-07,3,011897E-06,2,235174E-07
-5,550683E-07,3,047287E-06,2,197921E-07
-5,476177E-07,3,079884E-06,2,160668E-07
-5,476177E-07,3,168359E-06,2,086163E-07
-5,476177E-07,3,150664E-06,2,086163E-07
-5,550683E-07,3,092922E-06,2,160668E-07
-5,550683E-07,3,056601E-06,2,197921E-07
-5,587935E-07,3,058463E-06,2,235174E-07
-5,51343E-07,3,137626E-06,2,160668E-07
-5,550683E-07,3,157184E-06,2,160668E-07
-5,662441E-07,3,022142E-06,2,30968E-07
-5,662441E-07,2,987683E-06,2,346933E-07
-5,699694E-07,2,93646E-06,2,384186E-07
-5,736947E-07,2,885237E-06,2,458692E-07
-5,736947E-07,2,834015E-06,2,495944E-07
-5,7742E-07,2,807938E-06,2,533197E-07
-5,811453E-07,2,784654E-06,2,57045E-07
-5,811453E-07,2,741814E-06,2,607703E-07
-5,885959E-07,2,709217E-06,2,644956E-07
-5,848706E-07,2,690591E-06,2,682209E-07
-5,885959E-07,2,638437E-06,2,719462E-07
-5,885959E-07,2,587214E-06,2,756715E-07
-5,960464E-07,2,553686E-06,2,793968E-07
-5,960464E-07,2,4857E-06,2,868474E-07
-6,03497E-07,2,373941E-06,2,980232E-07
-6,03497E-07,2,339482E-06,3,017485E-07
-6,072223E-07,2,322719E-06,3,054738E-07
-6,072223E-07,2,287328E-06,3,091991E-07
-6,109476E-07,2,238899E-06,3,129244E-07
-6,146729E-07,2,221204E-06,3,166497E-07
-6,146729E-07,2,189539E-06,3,20375E-07
-6,221235E-07,2,154149E-06,3,241003E-07
-6,295741E-07,2,009794E-06,3,390014E-07
-6,258488E-07,1,991168E-06,3,427267E-07
-6,295741E-07,1,94367E-06,3,46452E-07
-6,332994E-07,1,87289E-06,3,539026E-07
-6,370246E-07,1,805834E-06,3,613532E-07
-6,407499E-07,1,702458E-06,3,72529E-07
-6,482005E-07,1,625158E-06,3,799796E-07
-6,482005E-07,1,592562E-06,3,837049E-07
-6,556511E-07,1,557171E-06,3,874302E-07
-6,556511E-07,1,522712E-06,3,911555E-07
-6,66827E-07,1,339242E-06,4,135072E-07
-6,705523E-07,1,261942E-06,4,209578E-07
-6,742775E-07,1,194887E-06,4,284084E-07
-6,780028E-07,1,106411E-06,4,35859E-07
-6,891787E-07,9,713694E-07,4,507601E-07
-6,891787E-07,9,359792E-07,4,544854E-07
-6,891787E-07,9,005889E-07,4,582107E-07
-6,966293E-07,7,906929E-07,4,693866E-07
-6,966293E-07,7,562339E-07,4,731119E-07
-7,040799E-07,6,714836E-07,4,805624E-07
-7,040799E-07,6,360933E-07,4,842877E-07
-7,078052E-07,6,472692E-07,4,88013E-07
-7,040799E-07,8,409843E-07,4,731119E-07
-7,040799E-07,8,754432E-07,4,693866E-07
-7,003546E-07,9,005889E-07,4,656613E-07
-6,966293E-07,9,620562E-07,4,61936E-07
-7,003546E-07,1,023524E-06,4,582107E-07
-6,92904E-07,1,121312E-06,4,507601E-07
-6,92904E-07,1,3588E-06,4,321337E-07
-6,92904E-07,1,40164E-06,4,284084E-07
-6,891787E-07,1,497567E-06,4,209578E-07
-6,854534E-07,1,620501E-06,4,097819E-07
-6,817281E-07,1,653098E-06,4,060566E-07
-6,817281E-07,1,706183E-06,4,023314E-07
-6,817281E-07,1,742505E-06,3,986061E-07
-6,780028E-07,1,983717E-06,3,837049E-07
-6,780028E-07,2,018176E-06,3,799796E-07
-6,780028E-07,2,060086E-06,3,762543E-07
-6,742775E-07,2,157874E-06,3,688037E-07
-6,742775E-07,2,201647E-06,3,650784E-07
-6,705523E-07,2,217479E-06,3,613532E-07
-6,66827E-07,2,35159E-06,3,539026E-07
-6,66827E-07,2,393499E-06,3,501773E-07
-6,66827E-07,2,492219E-06,3,427267E-07
-6,705523E-07,2,582557E-06,3,390014E-07
-6,705523E-07,2,700835E-06,3,315508E-07
-6,66827E-07,2,759509E-06,3,278255E-07
-6,66827E-07,2,902932E-06,3,166497E-07
-6,631017E-07,2,963468E-06,3,129244E-07
-6,593764E-07,3,11248E-06,2,980232E-07
-6,66827E-07,3,012829E-06,3,091991E-07
-6,780028E-07,2,892688E-06,3,241003E-07
-6,817281E-07,2,772547E-06,3,352761E-07
-6,854534E-07,2,704561E-06,3,427267E-07
-6,891787E-07,2,628192E-06,3,501773E-07
-6,92904E-07,2,611428E-06,3,539026E-07
-7,003546E-07,2,493151E-06,3,650784E-07
-6,966293E-07,2,474524E-06,3,688037E-07
-7,115304E-07,2,305955E-06,3,874302E-07
-7,152557E-07,2,27429E-06,3,911555E-07
-7,18981E-07,2,214685E-06,3,986061E-07
-7,227063E-07,2,137385E-06,4,060566E-07
-7,264316E-07,2,075918E-06,4,135072E-07
-7,338822E-07,2,003275E-06,4,209578E-07
-7,338822E-07,1,966953E-06,4,246831E-07
-7,450581E-07,1,772307E-06,4,470348E-07
-7,487833E-07,1,686625E-06,4,544854E-07
-7,599592E-07,1,604669E-06,4,656613E-07
-7,599592E-07,1,559965E-06,4,731119E-07
-7,636845E-07,1,475215E-06,4,805624E-07
-7,748604E-07,1,243316E-06,5,029142E-07
-7,785857E-07,1,208857E-06,5,066395E-07
-7,82311E-07,1,202337E-06,5,103648E-07
-7,785857E-07,1,226552E-06,5,066395E-07
-7,748604E-07,1,356937E-06,4,954636E-07
-7,711351E-07,1,435168E-06,4,88013E-07
-7,674098E-07,1,58418E-06,4,768372E-07
-7,599592E-07,1,783483E-06,4,582107E-07
-7,525086E-07,1,938082E-06,4,433095E-07
-7,525086E-07,1,963228E-06,4,395843E-07
-7,413328E-07,2,329238E-06,4,097819E-07
-7,413328E-07,2,363697E-06,4,060566E-07
-7,338822E-07,2,4084E-06,4,023314E-07
-7,376075E-07,2,434477E-06,3,986061E-07
-7,376075E-07,2,531335E-06,3,948808E-07
-7,376075E-07,2,58442E-06,3,911555E-07
-7,301569E-07,2,731569E-06,3,762543E-07
-7,264316E-07,2,750196E-06,3,72529E-07
-7,301569E-07,2,775341E-06,3,688037E-07
-7,227063E-07,2,807938E-06,3,650784E-07
-7,301569E-07,2,775341E-06,3,688037E-07
-7,264316E-07,2,729706E-06,3,72529E-07
-7,301569E-07,2,652407E-06,3,799796E-07
-7,338822E-07,2,630055E-06,3,837049E-07
-7,450581E-07,2,474524E-06,3,986061E-07
-7,487833E-07,2,372079E-06,4,097819E-07
-7,487833E-07,2,329238E-06,4,135072E-07
-7,487833E-07,2,293848E-06,4,172325E-07
-7,562339E-07,2,149493E-06,4,321337E-07
-7,636845E-07,2,029352E-06,4,433095E-07
-7,636845E-07,2,002344E-06,4,470348E-07
-7,711351E-07,1,968816E-06,4,507601E-07
-7,711351E-07,1,857057E-06,4,61936E-07
-7,748604E-07,1,841225E-06,4,656613E-07
-7,82311E-07,1,685694E-06,4,805624E-07
-7,860363E-07,1,555309E-06,4,917383E-07
-7,897615E-07,1,487322E-06,4,991889E-07
-7,934868E-07,1,435168E-06,5,029142E-07
-7,934868E-07,1,368113E-06,5,103648E-07
-8,009374E-07,1,263805E-06,5,215406E-07
-8,009374E-07,1,212582E-06,5,252659E-07
-8,046627E-07,1,2042E-06,5,289912E-07
-8,009374E-07,1,494773E-06,5,066395E-07
-7,897615E-07,1,941808E-06,4,693866E-07
-7,82311E-07,1,974404E-06,4,656613E-07
-7,860363E-07,2,036802E-06,4,61936E-07
-7,82311E-07,2,061948E-06,4,582107E-07
-7,82311E-07,2,115034E-06,4,544854E-07
-7,748604E-07,2,237037E-06,4,433095E-07
-7,785857E-07,2,306886E-06,4,395843E-07
-7,785857E-07,2,342276E-06,4,35859E-07
-7,711351E-07,2,428889E-06,4,284084E-07
-7,711351E-07,2,481043E-06,4,246831E-07
-7,711351E-07,2,534129E-06,4,209578E-07
-7,674098E-07,2,587214E-06,4,172325E-07
-7,711351E-07,2,658926E-06,4,097819E-07
-7,636845E-07,2,814457E-06,3,948808E-07
-7,711351E-07,2,756715E-06,4,023314E-07
-7,674098E-07,2,747402E-06,4,060566E-07
-7,674098E-07,2,764165E-06,4,023314E-07
-7,711351E-07,2,687797E-06,4,097819E-07
-7,785857E-07,2,654269E-06,4,135072E-07
-7,785857E-07,2,542511E-06,4,246831E-07
-7,82311E-07,2,526678E-06,4,284084E-07
-7,897615E-07,2,460554E-06,4,35859E-07
-7,897615E-07,2,383254E-06,4,433095E-07
-7,972121E-07,2,227724E-06,4,582107E-07
-8,121133E-07,1,969747E-06,4,842877E-07
-8,121133E-07,1,891516E-06,4,917383E-07
-8,195639E-07,1,816079E-06,4,991889E-07
-8,195639E-07,1,780689E-06,5,029142E-07
-8,270144E-07,1,661479E-06,5,140901E-07
-8,270144E-07,1,58418E-06,5,215406E-07
-8,270144E-07,1,548789E-06,5,252659E-07
-8,34465E-07,1,470558E-06,5,327165E-07
-8,34465E-07,1,437962E-06,5,364418E-07
-8,34465E-07,1,393259E-06,5,401671E-07
-8,419156E-07,1,3588E-06,5,438924E-07
-8,419156E-07,1,284294E-06,5,51343E-07
-8,456409E-07,1,266599E-06,5,550683E-07
-8,493662E-07,1,234002E-06,5,587935E-07
-8,530915E-07,1,146458E-06,5,699694E-07
-8,568168E-07,1,114793E-06,5,736947E-07
-8,568168E-07,1,166947E-06,5,699694E-07
-8,568168E-07,1,220964E-06,5,662441E-07
-8,530915E-07,1,377426E-06,5,550683E-07
-8,530915E-07,1,484528E-06,5,476177E-07
-8,456409E-07,1,651235E-06,5,327165E-07
-8,419156E-07,1,854263E-06,5,178154E-07
-8,419156E-07,1,88686E-06,5,140901E-07
-8,381903E-07,1,95764E-06,5,066395E-07
-8,34465E-07,2,106652E-06,4,954636E-07
-8,307397E-07,2,344139E-06,4,768372E-07
-8,270144E-07,2,547167E-06,4,61936E-07
-8,195639E-07,2,677552E-06,4,507601E-07
-8,195639E-07,2,727844E-06,4,470348E-07
-8,195639E-07,2,780929E-06,4,433095E-07
-8,195639E-07,2,826564E-06,4,395843E-07
-8,121133E-07,2,937391E-06,4,284084E-07
-8,121133E-07,2,974644E-06,4,246831E-07
-8,08388E-07,3,034249E-06,4,209578E-07
-8,08388E-07,3,217719E-06,4,060566E-07
-8,046627E-07,3,306195E-06,3,986061E-07
-8,046627E-07,3,237277E-06,4,023314E-07
-8,046627E-07,3,192574E-06,4,060566E-07
-8,08388E-07,3,167428E-06,4,097819E-07
-8,121133E-07,3,09106E-06,4,172325E-07
-8,195639E-07,2,991408E-06,4,284084E-07


Login date: 23/07/2020 17:55:50
position_change:  
0,0,0
0,0,0
7,450581E-09,6,342307E-07,-6,705523E-08
4,470348E-08,1,399778E-06,-1,41561E-07
1,601875E-07,3,932044E-06,-3,874302E-07
1,564622E-07,3,880821E-06,-3,799796E-07
1,788139E-07,4,434027E-06,-4,321337E-07
1,713634E-07,4,377216E-06,-4,246831E-07
1,564622E-07,4,068948E-06,-3,911555E-07
1,452863E-07,3,783964E-06,-3,650784E-07
1,192093E-07,3,333203E-06,-3,166497E-07
1,043081E-07,3,235415E-06,-3,017485E-07
1,117587E-07,3,305264E-06,-3,091991E-07
1,043081E-07,3,193505E-06,-2,980232E-07
1,005828E-07,3,178604E-06,-2,942979E-07
9,313226E-08,3,111549E-06,-2,831221E-07
8,940697E-08,2,99979E-06,-2,719462E-07
8,195639E-08,2,915971E-06,-2,644956E-07
7,450581E-08,2,787448E-06,-2,495944E-07
7,078052E-08,2,649613E-06,-2,384186E-07
6,332994E-08,2,571382E-06,-2,272427E-07
5,960464E-08,2,445653E-06,-2,160668E-07
5,587935E-08,2,35904E-06,-2,04891E-07
4,097819E-08,2,226792E-06,-1,899898E-07
3,352761E-08,2,141111E-06,-1,788139E-07
2,980232E-08,2,047978E-06,-1,713634E-07
2,235174E-08,1,910143E-06,-1,564622E-07
1,862645E-08,1,818873E-06,-1,452863E-07
7,450581E-09,1,6829E-06,-1,303852E-07
0,1,580454E-06,-1,192093E-07
-3,72529E-09,1,496635E-06,-1,080334E-07
-1,490116E-08,1,351349E-06,-9,313226E-08
-1,862645E-08,1,259148E-06,-8,195639E-08
-2,235174E-08,1,15484E-06,-7,450581E-08
-2,980232E-08,1,062639E-06,-6,332994E-08
-3,72529E-08,9,248033E-07,-4,842877E-08
-4,842877E-08,7,813796E-07,-2,980232E-08
-5,587935E-08,6,9011E-07,-1,862645E-08
-5,960464E-08,5,951151E-07,-1,117587E-08
-6,705523E-08,5,038455E-07,0
-7,82311E-08,3,604218E-07,1,862645E-08
-8,568168E-08,2,682209E-07,2,980232E-08
-9,313226E-08,1,257285E-07,4,470348E-08
-1,043081E-07,3,445894E-08,5,960464E-08
-1,080334E-07,-1,043081E-07,7,450581E-08
-1,15484E-07,-1,797453E-07,8,195639E-08
-1,192093E-07,-2,91504E-07,9,313226E-08
-1,266599E-07,-3,566965E-07,1,005828E-07
-1,341105E-07,-4,59142E-07,1,117587E-07
-1,341105E-07,-3,976747E-07,1,080334E-07
-1,303852E-07,-1,406297E-07,8,940697E-08
-1,229346E-07,5,029142E-08,7,078052E-08
-1,192093E-07,1,18278E-07,6,332994E-08
-1,15484E-07,1,965091E-07,5,587935E-08
-1,080334E-07,3,678724E-07,4,097819E-08
-1,043081E-07,4,451722E-07,3,352761E-08
-1,005828E-07,5,140901E-07,2,607703E-08
-9,685755E-08,6,258488E-07,1,862645E-08
-9,313226E-08,6,975606E-07,1,117587E-08
-8,940697E-08,9,229407E-07,-1,117587E-08
-8,195639E-08,1,069158E-06,-2,235174E-08
-7,82311E-08,1,136214E-06,-2,980232E-08
-7,078052E-08,1,2042E-06,-3,72529E-08
-6,705523E-08,1,265667E-06,-4,470348E-08
-7,450581E-08,1,223758E-06,-4,097819E-08
-7,078052E-08,1,19675E-06,-3,72529E-08
-7,450581E-08,1,144595E-06,-3,352761E-08
-7,82311E-08,1,103617E-06,-2,980232E-08
-8,195639E-08,9,648502E-07,-1,490116E-08
-8,940697E-08,8,093193E-07,0
-9,313226E-08,7,068738E-07,1,117587E-08
-9,685755E-08,6,547198E-07,1,490116E-08
-1,005828E-07,6,044284E-07,2,235174E-08
-1,043081E-07,5,615875E-07,2,607703E-08
-1,080334E-07,5,112961E-07,3,352761E-08
-1,117587E-07,4,610047E-07,3,72529E-08
-1,15484E-07,3,669411E-07,4,842877E-08
-1,229346E-07,3,008172E-07,5,587935E-08
-1,229346E-07,2,132729E-07,6,332994E-08
-1,266599E-07,1,965091E-07,6,705523E-08
-1,229346E-07,2,672896E-07,6,332994E-08
-1,229346E-07,3,557652E-07,5,587935E-08
-1,229346E-07,4,321337E-07,4,842877E-08
-1,192093E-07,4,582107E-07,4,470348E-08
-1,15484E-07,5,019829E-07,4,097819E-08
-1,15484E-07,6,072223E-07,3,352761E-08
-1,15484E-07,6,342307E-07,2,980232E-08
-1,15484E-07,7,124618E-07,2,607703E-08
-1,080334E-07,8,260831E-07,1,490116E-08
-9,685755E-08,1,18278E-06,-1,490116E-08
-9,685755E-08,1,224689E-06,-1,862645E-08
-9,685755E-08,1,271255E-06,-2,235174E-08
-9,313226E-08,1,286156E-06,-2,607703E-08
-8,940697E-08,1,328066E-06,-2,980232E-08
-9,313226E-08,1,347624E-06,-3,352761E-08
-8,940697E-08,1,38022E-06,-3,72529E-08
-8,940697E-08,1,442619E-06,-4,097819E-08
-8,568168E-08,1,600944E-06,-5,215406E-08
-7,82311E-08,1,738779E-06,-6,332994E-08
-8,195639E-08,1,759268E-06,-6,705523E-08
-7,82311E-08,1,801178E-06,-7,078052E-08
-7,450581E-08,1,878478E-06,-7,82311E-08
-7,078052E-08,1,9297E-06,-8,195639E-08
-7,078052E-08,2,036802E-06,-8,940697E-08
-7,078052E-08,2,07033E-06,-9,313226E-08
-7,078052E-08,2,131797E-06,-9,685755E-08
-6,705523E-08,2,21096E-06,-1,043081E-07
-6,332994E-08,2,227724E-06,-1,080334E-07
-6,332994E-08,2,313405E-06,-1,15484E-07
-5,960464E-08,2,363697E-06,-1,192093E-07
-5,960464E-08,2,409332E-06,-1,229346E-07
-5,215406E-08,2,45031E-06,-1,303852E-07
-5,587935E-08,2,347864E-06,-1,192093E-07
-5,960464E-08,2,29571E-06,-1,15484E-07
-6,332994E-08,2,270564E-06,-1,117587E-07
-6,705523E-08,2,167188E-06,-1,005828E-07
-7,078052E-08,2,089888E-06,-9,313226E-08
-7,82311E-08,1,953915E-06,-7,82311E-08
-8,195639E-08,1,903623E-06,-7,450581E-08
-8,568168E-08,1,852401E-06,-6,705523E-08
-9,313226E-08,1,744367E-06,-5,587935E-08
-9,685755E-08,1,71829E-06,-5,215406E-08
-1,043081E-07,1,590699E-06,-3,72529E-08
-1,080334E-07,1,539476E-06,-3,352761E-08
-1,117587E-07,1,437031E-06,-2,235174E-08
-1,192093E-07,1,323409E-06,-1,117587E-08
-1,266599E-07,1,047738E-06,1,490116E-08
-1,303852E-07,1,023524E-06,1,862645E-08
-1,341105E-07,9,583309E-07,2,607703E-08
-1,41561E-07,9,136274E-07,2,980232E-08
-1,41561E-07,8,97795E-07,3,352761E-08
-1,41561E-07,9,760261E-07,2,980232E-08
-1,41561E-07,1,029111E-06,2,607703E-08
-1,41561E-07,1,127832E-06,1,862645E-08
-1,341105E-07,1,248904E-06,7,450581E-09
-1,303852E-07,1,386739E-06,-3,72529E-09
-1,303852E-07,1,476146E-06,-1,117587E-08
-1,229346E-07,1,597218E-06,-2,235174E-08
-1,192093E-07,1,727603E-06,-3,72529E-08
-1,192093E-07,1,691282E-06,-3,352761E-08
-1,266599E-07,1,564622E-06,-1,862645E-08
-1,341105E-07,1,473352E-06,-7,450581E-09
-1,378357E-07,1,465902E-06,-3,72529E-09
-1,341105E-07,1,677312E-06,-1,862645E-08
-1,303852E-07,1,730397E-06,-2,235174E-08
-1,266599E-07,2,040528E-06,-4,470348E-08
-1,266599E-07,2,092682E-06,-4,842877E-08
-1,266599E-07,2,189539E-06,-5,587935E-08
-1,266599E-07,2,236106E-06,-5,960464E-08
-1,229346E-07,2,365559E-06,-7,078052E-08
-1,229346E-07,2,4084E-06,-7,450581E-08
-1,15484E-07,2,452172E-06,-7,82311E-08
-1,15484E-07,2,62633E-06,-9,313226E-08
-1,117587E-07,2,813525E-06,-1,080334E-07
-1,15484E-07,2,736226E-06,-1,005828E-07
-1,229346E-07,2,677552E-06,-9,313226E-08
-1,192093E-07,2,658926E-06,-8,940697E-08
-1,229346E-07,2,565794E-06,-8,195639E-08
-1,303852E-07,2,523884E-06,-7,82311E-08
-1,303852E-07,2,446584E-06,-7,078052E-08
-1,378357E-07,2,396293E-06,-6,332994E-08
-1,41561E-07,2,293848E-06,-5,215406E-08
-1,41561E-07,2,258457E-06,-4,842877E-08
-1,490116E-07,2,166256E-06,-3,72529E-08
-1,527369E-07,2,151355E-06,-3,352761E-08
-1,564622E-07,2,137385E-06,-2,980232E-08
-1,527369E-07,2,247281E-06,-4,097819E-08
-1,527369E-07,2,282672E-06,-4,470348E-08
-1,490116E-07,2,388842E-06,-5,215406E-08
-1,452863E-07,2,537854E-06,-6,332994E-08
-1,41561E-07,2,657995E-06,-7,450581E-08
-1,378357E-07,2,753921E-06,-8,195639E-08
-1,303852E-07,2,940185E-06,-9,685755E-08
-1,341105E-07,3,002584E-06,-1,005828E-07
-1,266599E-07,3,297813E-06,-1,266599E-07
-1,229346E-07,3,32389E-06,-1,303852E-07
-1,192093E-07,3,417954E-06,-1,378357E-07
-1,15484E-07,3,444962E-06,-1,41561E-07
-1,192093E-07,3,567897E-06,-1,490116E-07
-1,15484E-07,3,664754E-06,-1,564622E-07
-1,117587E-07,3,726222E-06,-1,639128E-07
-1,117587E-07,3,778376E-06,-1,676381E-07
-1,080334E-07,3,829598E-06,-1,713634E-07
-1,080334E-07,3,873371E-06,-1,750886E-07
-1,080334E-07,3,962778E-06,-1,825392E-07
-1,043081E-07,3,987923E-06,-1,862645E-07
-1,005828E-07,4,125759E-06,-1,974404E-07
-9,685755E-08,4,194677E-06,-2,04891E-07
-9,313226E-08,4,256144E-06,-2,086163E-07
-8,940697E-08,4,394911E-06,-2,235174E-07
-8,568168E-08,4,463829E-06,-2,30968E-07
-8,568168E-08,4,596077E-06,-2,384186E-07
-8,195639E-08,4,681759E-06,-2,458692E-07
-7,82311E-08,4,875474E-06,-2,607703E-07
-7,82311E-08,4,92949E-06,-2,644956E-07
-7,078052E-08,5,040318E-06,-2,756715E-07
-6,705523E-08,5,189329E-06,-2,868474E-07
-7,078052E-08,5,234964E-06,-2,905726E-07
-6,332994E-08,5,268492E-06,-2,942979E-07
-6,705523E-08,5,305745E-06,-2,980232E-07
-6,332994E-08,5,33741E-06,-3,017485E-07
-5,960464E-08,5,540438E-06,-3,166497E-07
-5,587935E-08,5,642883E-06,-3,241003E-07
-5,215406E-08,5,669892E-06,-3,278255E-07
-5,587935E-08,5,705282E-06,-3,315508E-07
-4,842877E-08,5,740672E-06,-3,352761E-07
-6,332994E-08,5,561858E-06,-3,166497E-07
-6,705523E-08,5,546026E-06,-3,129244E-07
-7,078052E-08,5,371869E-06,-2,980232E-07
-7,82311E-08,5,173497E-06,-2,793968E-07
-8,195639E-08,5,166046E-06,-2,756715E-07
-8,568168E-08,5,115755E-06,-2,719462E-07
-8,940697E-08,5,012378E-06,-2,607703E-07
-9,685755E-08,4,909933E-06,-2,495944E-07
-1,005828E-07,4,806556E-06,-2,384186E-07
-1,043081E-07,4,712492E-06,-2,30968E-07
-1,117587E-07,4,610978E-06,-2,160668E-07
-1,192093E-07,4,509464E-06,-2,04891E-07
-1,266599E-07,4,418194E-06,-1,937151E-07
-1,303852E-07,4,314817E-06,-1,862645E-07
-1,378357E-07,4,212372E-06,-1,713634E-07
-1,41561E-07,4,108995E-06,-1,639128E-07
-1,490116E-07,4,014E-06,-1,527369E-07
-1,527369E-07,3,913417E-06,-1,41561E-07
-1,601875E-07,3,73181E-06,-1,266599E-07
-1,639128E-07,3,635883E-06,-1,15484E-07
-1,676381E-07,3,700145E-06,-1,192093E-07
-1,676381E-07,3,75323E-06,-1,229346E-07
-1,601875E-07,3,797002E-06,-1,266599E-07
-1,601875E-07,3,903173E-06,-1,341105E-07
-1,601875E-07,3,935769E-06,-1,378357E-07
-1,601875E-07,3,981404E-06,-1,41561E-07
-1,601875E-07,4,007481E-06,-1,452863E-07
-1,564622E-07,3,988855E-06,-1,41561E-07
-1,639128E-07,3,905036E-06,-1,341105E-07
-1,676381E-07,3,871508E-06,-1,303852E-07
-1,713634E-07,3,80259E-06,-1,229346E-07
-1,750886E-07,3,742985E-06,-1,15484E-07
-1,788139E-07,3,686175E-06,-1,080334E-07
-1,862645E-07,3,635883E-06,-1,005828E-07
-1,750886E-07,3,810041E-06,-1,15484E-07
-1,788139E-07,3,8445E-06,-1,192093E-07
-1,788139E-07,3,826804E-06,-1,192093E-07
-1,825392E-07,3,777444E-06,-1,117587E-07
-1,862645E-07,3,72529E-06,-1,043081E-07
-1,899898E-07,3,651716E-06,-9,685755E-08
-1,937151E-07,3,581867E-06,-8,940697E-08
-1,974404E-07,3,539957E-06,-8,568168E-08
-2,011657E-07,3,488734E-06,-7,82311E-08
-2,04891E-07,3,446825E-06,-7,450581E-08
-2,086163E-07,3,318302E-06,-6,332994E-08
-2,160668E-07,3,232621E-06,-5,215406E-08
-2,272427E-07,3,124587E-06,-3,72529E-08
-2,30968E-07,3,048219E-06,-2,980232E-08
-2,346933E-07,2,962537E-06,-2,235174E-08
-2,384186E-07,2,884306E-06,-1,490116E-08
-2,458692E-07,2,722256E-06,3,72529E-09
-2,495944E-07,2,655201E-06,7,450581E-09
-2,533197E-07,2,586283E-06,1,490116E-08
-2,57045E-07,2,516434E-06,2,235174E-08
-2,607703E-07,2,449378E-06,2,980232E-08
-2,644956E-07,2,388842E-06,3,72529E-08
-2,682209E-07,2,320856E-06,4,470348E-08
-2,756715E-07,2,225861E-06,5,215406E-08
-2,756715E-07,2,114102E-06,6,332994E-08
-2,831221E-07,1,959503E-06,7,82311E-08
-2,831221E-07,1,914799E-06,8,195639E-08
-2,905726E-07,1,803972E-06,9,313226E-08
-2,942979E-07,1,793727E-06,9,685755E-08
-2,868474E-07,1,941808E-06,8,195639E-08
-2,831221E-07,2,020039E-06,7,450581E-08
-2,793968E-07,2,239831E-06,5,587935E-08
-2,756715E-07,2,263114E-06,5,215406E-08
-2,719462E-07,2,368353E-06,4,470348E-08
-2,682209E-07,2,480112E-06,3,352761E-08
-2,644956E-07,2,585351E-06,2,235174E-08
-2,607703E-07,2,635643E-06,1,862645E-08
-2,57045E-07,2,73902E-06,7,450581E-09
-2,533197E-07,2,765097E-06,3,72529E-09
-2,495944E-07,2,815388E-06,0
-2,458692E-07,2,875924E-06,-7,450581E-09
-2,421439E-07,2,927147E-06,-1,117587E-08
-2,384186E-07,3,081746E-06,-2,607703E-08
-2,30968E-07,3,165565E-06,-3,72529E-08
-2,272427E-07,3,268011E-06,-4,470348E-08
-2,235174E-07,3,346242E-06,-5,215406E-08
-2,160668E-07,3,476627E-06,-6,332994E-08
-2,197921E-07,3,512017E-06,-6,705523E-08
-2,160668E-07,3,66196E-06,-7,82311E-08
-2,160668E-07,3,715977E-06,-8,195639E-08
-2,160668E-07,3,877096E-06,-9,313226E-08
-2,086163E-07,3,979541E-06,-1,005828E-07
-2,123415E-07,4,025176E-06,-1,043081E-07
-2,123415E-07,4,30923E-06,-1,229346E-07
-2,086163E-07,4,335307E-06,-1,266599E-07
-2,086163E-07,4,38001E-06,-1,303852E-07
-2,086163E-07,4,338101E-06,-1,266599E-07
-2,160668E-07,4,312955E-06,-1,229346E-07
-2,123415E-07,4,294328E-06,-1,192093E-07
-2,235174E-07,4,166737E-06,-1,080334E-07
-2,235174E-07,4,097819E-06,-1,005828E-07
-2,272427E-07,4,065223E-06,-9,685755E-08
-2,30968E-07,4,021451E-06,-8,940697E-08
-2,346933E-07,3,973022E-06,-8,568168E-08
-2,384186E-07,3,878027E-06,-7,450581E-08
-2,421439E-07,3,827736E-06,-6,705523E-08
-2,458692E-07,3,787689E-06,-6,332994E-08
-2,495944E-07,3,736466E-06,-5,587935E-08
-2,533197E-07,3,685243E-06,-5,215406E-08
-2,57045E-07,3,643334E-06,-4,842877E-08
-2,607703E-07,3,593974E-06,-4,097819E-08
-2,644956E-07,3,57721E-06,-3,72529E-08
-2,682209E-07,3,528781E-06,-2,980232E-08
-2,719462E-07,3,485009E-06,-2,607703E-08
-2,756715E-07,3,434718E-06,-1,862645E-08
-2,793968E-07,3,370456E-06,-1,117587E-08
-2,831221E-07,3,319234E-06,-3,72529E-09
-2,868474E-07,3,268011E-06,3,72529E-09
-2,905726E-07,3,173947E-06,1,117587E-08
-2,942979E-07,3,148802E-06,1,490116E-08
-3,017485E-07,3,107823E-06,1,862645E-08
-3,054738E-07,3,057532E-06,2,607703E-08
-3,129244E-07,2,92249E-06,4,097819E-08
-3,166497E-07,2,906658E-06,4,470348E-08
-3,129244E-07,3,001653E-06,3,72529E-08
-3,054738E-07,3,132038E-06,2,607703E-08
-3,091991E-07,3,151596E-06,2,235174E-08
-3,054738E-07,3,273599E-06,1,490116E-08
-2,980232E-07,3,614463E-06,-1,490116E-08
-2,942979E-07,3,665686E-06,-1,862645E-08
-2,942979E-07,3,71132E-06,-2,235174E-08
-2,868474E-07,3,873371E-06,-3,72529E-08
-2,831221E-07,4,022382E-06,-4,842877E-08
-2,831221E-07,4,111789E-06,-5,587935E-08
-2,756715E-07,4,15463E-06,-5,960464E-08
-2,756715E-07,4,338101E-06,-7,450581E-08
-2,719462E-07,4,550442E-06,-8,940697E-08
-2,719462E-07,4,594214E-06,-9,313226E-08
-2,682209E-07,4,622154E-06,-9,685755E-08
-2,756715E-07,4,562549E-06,-8,940697E-08
-2,793968E-07,4,495494E-06,-8,195639E-08
-2,831221E-07,4,454516E-06,-7,450581E-08
-2,831221E-07,4,507601E-06,-7,82311E-08
-2,831221E-07,4,560687E-06,-8,195639E-08
-2,831221E-07,4,604459E-06,-8,568168E-08
-2,793968E-07,4,603527E-06,-8,568168E-08
-2,831221E-07,4,552305E-06,-8,195639E-08
-2,905726E-07,4,414469E-06,-6,705523E-08
-2,942979E-07,4,312955E-06,-5,960464E-08
-2,980232E-07,4,251488E-06,-5,215406E-08
-3,054738E-07,4,138798E-06,-4,097819E-08
-3,054738E-07,4,085712E-06,-3,72529E-08
-3,091991E-07,4,029833E-06,-2,980232E-08
-3,129244E-07,3,951602E-06,-2,235174E-08
-3,166497E-07,3,911555E-06,-1,490116E-08
-3,20375E-07,3,815629E-06,-7,450581E-09
-3,241003E-07,3,766268E-06,0
-3,278255E-07,3,722496E-06,3,72529E-09
-3,278255E-07,3,669411E-06,7,450581E-09
-3,315508E-07,3,610738E-06,1,490116E-08
-3,352761E-07,3,514811E-06,2,235174E-08
-3,427267E-07,3,369525E-06,3,72529E-08
-3,501773E-07,3,336929E-06,4,097819E-08
-3,501773E-07,3,26056E-06,4,842877E-08
-3,539026E-07,3,233552E-06,5,215406E-08
-3,576279E-07,3,191642E-06,5,587935E-08
-3,539026E-07,3,172085E-06,5,960464E-08
-3,576279E-07,3,120862E-06,6,332994E-08
-3,613532E-07,3,070571E-06,7,078052E-08
-3,72529E-07,2,90107E-06,8,940697E-08
-3,762543E-07,2,824701E-06,9,685755E-08
-3,799796E-07,2,793036E-06,1,005828E-07
-3,874302E-07,2,645887E-06,1,15484E-07
-3,911555E-07,2,64775E-06,1,192093E-07
-3,911555E-07,2,692454E-06,1,15484E-07
-3,874302E-07,2,770685E-06,1,080334E-07
-3,837049E-07,2,814457E-06,1,043081E-07
-3,874302E-07,2,894551E-06,9,685755E-08
-3,799796E-07,3,004447E-06,8,568168E-08
-3,762543E-07,3,227964E-06,7,078052E-08
-3,72529E-07,3,286637E-06,6,705523E-08
-3,762543E-07,3,305264E-06,6,332994E-08
-3,762543E-07,3,252178E-06,6,705523E-08
-3,799796E-07,3,2112E-06,7,450581E-08
-3,72529E-07,3,244728E-06,7,078052E-08
-3,72529E-07,3,322028E-06,6,332994E-08
-3,688037E-07,3,481284E-06,5,215406E-08
-3,72529E-07,3,507361E-06,4,842877E-08
-3,688037E-07,3,694557E-06,3,72529E-08
-3,650784E-07,3,808178E-06,2,607703E-08
-3,688037E-07,3,730878E-06,3,72529E-08
-3,72529E-07,3,653578E-06,4,097819E-08
-3,799796E-07,3,560446E-06,5,587935E-08
-3,837049E-07,3,467314E-06,6,332994E-08
-3,911555E-07,3,426336E-06,7,078052E-08
-3,948808E-07,3,332272E-06,8,195639E-08
-4,023314E-07,3,23914E-06,8,940697E-08
-4,060566E-07,3,146939E-06,1,005828E-07
-4,097819E-07,3,068708E-06,1,080334E-07
-4,135072E-07,3,007241E-06,1,15484E-07
-4,172325E-07,2,975576E-06,1,192093E-07
-4,209578E-07,2,872199E-06,1,303852E-07
-4,246831E-07,2,820976E-06,1,341105E-07
-4,284084E-07,2,763234E-06,1,41561E-07
-4,35859E-07,2,686866E-06,1,527369E-07
-4,395843E-07,2,654269E-06,1,564622E-07
-4,433095E-07,2,594665E-06,1,639128E-07
-4,507601E-07,2,4857E-06,1,750886E-07
-4,544854E-07,2,410263E-06,1,825392E-07
-4,582107E-07,2,368353E-06,1,899898E-07
-4,61936E-07,2,324581E-06,1,937151E-07
-4,61936E-07,2,381392E-06,1,937151E-07
-4,61936E-07,2,57697E-06,1,788139E-07
-4,582107E-07,2,778135E-06,1,639128E-07
-4,544854E-07,2,952293E-06,1,490116E-07
-4,507601E-07,2,994202E-06,1,41561E-07
-4,470348E-07,3,064051E-06,1,378357E-07
-4,433095E-07,3,284775E-06,1,192093E-07
-4,35859E-07,3,439374E-06,1,043081E-07
-4,321337E-07,3,611669E-06,8,940697E-08
-4,246831E-07,3,671274E-06,8,195639E-08
-4,284084E-07,3,769994E-06,7,450581E-08
-4,246831E-07,3,829598E-06,7,078052E-08
-4,209578E-07,3,925525E-06,6,332994E-08
-4,135072E-07,4,277565E-06,3,352761E-08
-4,097819E-07,4,345551E-06,2,607703E-08
-4,060566E-07,4,430301E-06,1,862645E-08
-4,023314E-07,4,651956E-06,3,72529E-09
-3,986061E-07,4,737638E-06,-3,72529E-09
-3,948808E-07,4,782341E-06,-7,450581E-09
-3,911555E-07,5,008653E-06,-2,980232E-08
-3,837049E-07,5,078502E-06,-3,352761E-08
-3,837049E-07,5,131587E-06,-3,72529E-08
-3,874302E-07,5,265698E-06,-4,842877E-08
-3,837049E-07,5,370937E-06,-5,587935E-08
-3,799796E-07,5,455688E-06,-6,332994E-08
-3,762543E-07,5,614012E-06,-7,82311E-08
-3,72529E-07,5,806796E-06,-9,313226E-08
-3,650784E-07,5,892478E-06,-1,005828E-07
-3,72529E-07,5,843118E-06,-9,313226E-08
-3,762543E-07,5,817972E-06,-8,940697E-08
-3,799796E-07,5,698763E-06,-7,82311E-08
-3,837049E-07,5,631708E-06,-7,078052E-08
-3,874302E-07,5,560927E-06,-6,332994E-08
-3,911555E-07,5,492941E-06,-5,587935E-08
-3,948808E-07,5,40074E-06,-4,470348E-08
-4,023314E-07,5,367212E-06,-4,097819E-08
-4,060566E-07,5,316921E-06,-3,352761E-08
-4,097819E-07,5,249865E-06,-2,607703E-08
-4,172325E-07,5,18281E-06,-1,862645E-08
-4,135072E-07,5,149283E-06,-1,490116E-08
-4,172325E-07,5,097128E-06,-1,117587E-08
-4,209578E-07,5,071051E-06,-7,450581E-09
-4,246831E-07,5,003996E-06,0
-4,321337E-07,4,936941E-06,7,450581E-09
-4,35859E-07,4,834495E-06,1,862645E-08
-4,433095E-07,4,717149E-06,3,352761E-08
-4,507601E-07,4,606321E-06,4,470348E-08
-4,61936E-07,4,474074E-06,6,332994E-08
-4,656613E-07,4,420988E-06,6,705523E-08
-4,693866E-07,4,310161E-06,7,82311E-08
-4,805624E-07,4,177913E-06,9,685755E-08
-4,842877E-07,4,12669E-06,1,005828E-07
-4,917383E-07,4,007481E-06,1,117587E-07
-4,954636E-07,3,946014E-06,1,192093E-07
-4,991889E-07,3,877096E-06,1,266599E-07
-5,029142E-07,3,791414E-06,1,341105E-07
-5,066395E-07,3,741123E-06,1,41561E-07
-5,140901E-07,3,674999E-06,1,490116E-07
-5,178154E-07,3,617257E-06,1,564622E-07
-5,252659E-07,3,517605E-06,1,676381E-07
-5,289912E-07,3,376976E-06,1,825392E-07
-5,327165E-07,3,325753E-06,1,862645E-07
-5,364418E-07,3,27453E-06,1,937151E-07
-5,401671E-07,3,233552E-06,1,974404E-07
-5,476177E-07,3,167428E-06,2,086163E-07
-5,550683E-07,3,032386E-06,2,235174E-07
-5,587935E-07,2,981164E-06,2,272427E-07
-5,662441E-07,2,923422E-06,2,346933E-07
-5,699694E-07,2,853572E-06,2,421439E-07
-5,736947E-07,2,736226E-06,2,57045E-07
-5,811453E-07,2,632849E-06,2,682209E-07
-5,848706E-07,2,590939E-06,2,719462E-07
-5,885959E-07,2,524815E-06,2,793968E-07
-5,923212E-07,2,473593E-06,2,868474E-07
-5,960464E-07,2,439134E-06,2,905726E-07
-6,03497E-07,2,285466E-06,3,054738E-07
-6,109476E-07,2,165325E-06,3,20375E-07
-6,183982E-07,2,029352E-06,3,315508E-07
-6,146729E-07,2,088957E-06,3,278255E-07
-6,109476E-07,2,141111E-06,3,20375E-07
-6,146729E-07,2,212822E-06,3,166497E-07
-6,109476E-07,2,362765E-06,3,054738E-07
-6,072223E-07,2,466142E-06,2,942979E-07
-6,03497E-07,2,534129E-06,2,905726E-07
-6,03497E-07,2,562068E-06,2,868474E-07
-5,997717E-07,2,73902E-06,2,756715E-07
-5,960464E-07,2,806075E-06,2,682209E-07
-5,923212E-07,2,858229E-06,2,607703E-07
-5,885959E-07,2,986751E-06,2,495944E-07
-5,848706E-07,3,226101E-06,2,30968E-07
-5,848706E-07,3,165565E-06,2,384186E-07
-5,885959E-07,3,059395E-06,2,495944E-07
-5,885959E-07,3,182329E-06,2,384186E-07
-5,885959E-07,3,24659E-06,2,346933E-07
-5,848706E-07,3,394671E-06,2,235174E-07
-5,7742E-07,3,526919E-06,2,123415E-07
-5,7742E-07,3,567897E-06,2,086163E-07
-5,7742E-07,3,71132E-06,1,974404E-07
-5,699694E-07,3,822148E-06,1,862645E-07
-5,699694E-07,3,874302E-06,1,825392E-07
-5,699694E-07,3,920868E-06,1,788139E-07
-5,662441E-07,4,068948E-06,1,676381E-07
-5,662441E-07,4,11272E-06,1,639128E-07
-5,662441E-07,4,148111E-06,1,601875E-07
-5,662441E-07,4,201196E-06,1,564622E-07
-5,550683E-07,4,447065E-06,1,378357E-07
-5,51343E-07,4,780479E-06,1,117587E-07
-5,51343E-07,4,832633E-06,1,080334E-07
-5,476177E-07,4,885718E-06,1,005828E-07
-5,476177E-07,4,851259E-06,1,043081E-07
-5,51343E-07,4,834495E-06,1,080334E-07
-5,587935E-07,4,724599E-06,1,192093E-07
-5,662441E-07,4,613772E-06,1,303852E-07
-5,662441E-07,4,551373E-06,1,378357E-07
-5,699694E-07,4,527159E-06,1,41561E-07
-5,736947E-07,4,495494E-06,1,452863E-07
-5,7742E-07,4,40143E-06,1,564622E-07
-5,885959E-07,4,317611E-06,1,639128E-07
-5,848706E-07,4,298985E-06,1,676381E-07
-5,923212E-07,4,21796E-06,1,788139E-07
-5,997717E-07,4,152767E-06,1,862645E-07
-6,03497E-07,4,109927E-06,1,937151E-07
-6,109476E-07,4,054047E-06,2,011657E-07
-6,295741E-07,3,800727E-06,2,30968E-07
-6,295741E-07,3,766268E-06,2,346933E-07
-6,332994E-07,3,742054E-06,2,384186E-07
-6,370246E-07,3,709458E-06,2,421439E-07
-6,370246E-07,3,674068E-06,2,458692E-07
-6,444752E-07,3,642403E-06,2,495944E-07
-6,444752E-07,3,572553E-06,2,57045E-07
-6,482005E-07,3,469177E-06,2,682209E-07
-6,556511E-07,3,377907E-06,2,793968E-07
-6,631017E-07,3,346242E-06,2,831221E-07
-6,593764E-07,3,326684E-06,2,868474E-07
-6,631017E-07,3,284775E-06,2,905726E-07
-6,66827E-07,3,251247E-06,2,942979E-07
-6,66827E-07,3,226101E-06,2,980232E-07
-6,705523E-07,3,184192E-06,3,017485E-07
-6,780028E-07,3,141351E-06,3,054738E-07
-6,780028E-07,3,09851E-06,3,091991E-07
-6,854534E-07,3,026798E-06,3,241003E-07
-6,854534E-07,3,088266E-06,3,20375E-07
-6,854534E-07,3,471039E-06,2,942979E-07
-6,780028E-07,3,592111E-06,2,831221E-07
-6,780028E-07,3,625639E-06,2,793968E-07
-6,780028E-07,3,723428E-06,2,719462E-07
-6,742775E-07,3,783964E-06,2,682209E-07
-6,742775E-07,3,848225E-06,2,644956E-07
-6,742775E-07,3,90131E-06,2,607703E-07
-6,742775E-07,3,945082E-06,2,57045E-07
-6,742775E-07,4,00003E-06,2,533197E-07
-6,705523E-07,4,095025E-06,2,458692E-07
-6,66827E-07,4,136004E-06,2,421439E-07
-6,631017E-07,4,313886E-06,2,272427E-07
-6,593764E-07,4,504807E-06,2,086163E-07
-6,556511E-07,4,609115E-06,2,011657E-07
-6,519258E-07,4,694797E-06,1,937151E-07
-6,482005E-07,4,826114E-06,1,825392E-07
-6,444752E-07,4,968606E-06,1,713634E-07
-6,407499E-07,5,179085E-06,1,564622E-07
-6,407499E-07,5,221926E-06,1,527369E-07
-6,332994E-07,5,300157E-06,1,452863E-07
-6,332994E-07,5,342998E-06,1,41561E-07
-6,370246E-07,5,406328E-06,1,378357E-07
-6,370246E-07,5,577691E-06,1,266599E-07
-6,444752E-07,5,424023E-06,1,41561E-07
-6,482005E-07,5,382113E-06,1,490116E-07
-6,519258E-07,5,339272E-06,1,527369E-07
-6,482005E-07,5,293638E-06,1,564622E-07
-6,519258E-07,5,252659E-06,1,601875E-07
-6,556511E-07,5,21075E-06,1,639128E-07
-6,593764E-07,5,123205E-06,1,750886E-07
-6,631017E-07,5,081296E-06,1,788139E-07
-6,705523E-07,4,909001E-06,1,937151E-07
-6,742775E-07,4,857779E-06,2,011657E-07
-6,780028E-07,4,780479E-06,2,086163E-07
-6,817281E-07,4,687347E-06,2,160668E-07
-6,854534E-07,4,625879E-06,2,235174E-07
-6,891787E-07,4,584901E-06,2,30968E-07
-6,92904E-07,4,500151E-06,2,384186E-07
-6,966293E-07,4,473142E-06,2,421439E-07
-7,003546E-07,4,389323E-06,2,495944E-07
-7,078052E-07,4,287809E-06,2,607703E-07
-7,115304E-07,4,203059E-06,2,719462E-07
-7,152557E-07,4,178844E-06,2,756715E-07
-7,18981E-07,4,136004E-06,2,793968E-07
-7,264316E-07,3,981404E-06,2,942979E-07
-7,301569E-07,3,896654E-06,3,054738E-07
-7,338822E-07,3,810972E-06,3,129244E-07
-7,376075E-07,3,769994E-06,3,166497E-07
-7,450581E-07,3,682449E-06,3,278255E-07
-7,487833E-07,3,553927E-06,3,390014E-07
-7,525086E-07,3,496185E-06,3,46452E-07
-7,525086E-07,3,514811E-06,3,46452E-07
-7,562339E-07,3,584661E-06,3,427267E-07
-7,487833E-07,3,785826E-06,3,241003E-07
-7,450581E-07,3,952533E-06,3,129244E-07
-7,376075E-07,4,084781E-06,3,017485E-07
-7,413328E-07,4,136004E-06,2,980232E-07
-7,376075E-07,4,223548E-06,2,905726E-07
-7,376075E-07,4,314817E-06,2,831221E-07
-7,413328E-07,4,290603E-06,2,868474E-07
-7,525086E-07,4,173256E-06,3,017485E-07
-7,562339E-07,4,10527E-06,3,091991E-07
-7,562339E-07,4,035421E-06,3,166497E-07
-7,599592E-07,3,993511E-06,3,20375E-07
-7,636845E-07,3,917143E-06,3,278255E-07
-7,674098E-07,3,90783E-06,3,315508E-07
-7,711351E-07,3,814697E-06,3,390014E-07
-7,785857E-07,3,644265E-06,3,576279E-07
-7,82311E-07,3,608875E-06,3,613532E-07
-7,860363E-07,3,534369E-06,3,688037E-07
-7,897615E-07,3,482215E-06,3,762543E-07
-7,934868E-07,3,448687E-06,3,799796E-07
-7,972121E-07,3,383495E-06,3,874302E-07
-8,009374E-07,3,348105E-06,3,911555E-07
-8,046627E-07,3,279187E-06,3,986061E-07
-8,046627E-07,3,193505E-06,4,060566E-07
-8,121133E-07,3,09851E-06,4,172325E-07
-8,195639E-07,2,980232E-06,4,284084E-07
-8,270144E-07,2,912246E-06,4,35859E-07
-8,232892E-07,2,886169E-06,4,395843E-07
-8,307397E-07,2,696179E-06,4,582107E-07
-8,34465E-07,2,698041E-06,4,61936E-07
-8,34465E-07,2,741814E-06,4,582107E-07
-8,381903E-07,2,78838E-06,4,544854E-07
-8,34465E-07,2,918765E-06,4,433095E-07
-8,307397E-07,2,961606E-06,4,395843E-07
-8,270144E-07,3,057532E-06,4,321337E-07
-8,270144E-07,3,146939E-06,4,246831E-07
-8,307397E-07,3,088266E-06,4,321337E-07
-8,34465E-07,3,010966E-06,4,395843E-07
-8,381903E-07,2,995133E-06,4,433095E-07
-8,456409E-07,2,762303E-06,4,656613E-07
-8,530915E-07,2,686866E-06,4,731119E-07
-8,568168E-07,2,670102E-06,4,768372E-07
-8,568168E-07,2,778135E-06,4,693866E-07
-8,568168E-07,2,830289E-06,4,656613E-07
-8,493662E-07,2,95043E-06,4,544854E-07
-8,456409E-07,3,089197E-06,4,433095E-07
-8,419156E-07,3,12645E-06,4,395843E-07
-8,456409E-07,3,162771E-06,4,395843E-07
-8,381903E-07,3,327616E-06,4,246831E-07
-8,381903E-07,3,406778E-06,4,172325E-07


Login date: 23/07/2020 17:59:21
position_change:  
0,0,0
0,0,0
-3,72529E-09,7,450581E-09,-3,72529E-09
-1,490116E-08,1,350418E-07,-1,862645E-08
1,564622E-07,3,882684E-06,-3,799796E-07
1,527369E-07,4,005618E-06,-3,874302E-07
1,750886E-07,4,47128E-06,-4,321337E-07
1,601875E-07,4,093163E-06,-3,948808E-07
1,490116E-07,3,922731E-06,-3,762543E-07
1,378357E-07,3,716908E-06,-3,576279E-07
1,229346E-07,3,428198E-06,-3,241003E-07
1,266599E-07,3,672205E-06,-3,46452E-07
1,303852E-07,3,758818E-06,-3,539026E-07
1,341105E-07,3,748573E-06,-3,539026E-07
1,303852E-07,3,713183E-06,-3,501773E-07
1,266599E-07,3,646128E-06,-3,427267E-07
1,229346E-07,3,595836E-06,-3,352761E-07
1,15484E-07,3,51388E-06,-3,278255E-07
1,117587E-07,3,444031E-06,-3,166497E-07
1,043081E-07,3,386289E-06,-3,091991E-07
1,005828E-07,3,294088E-06,-3,017485E-07
9,685755E-08,3,234483E-06,-2,942979E-07
9,313226E-08,3,172085E-06,-2,905726E-07
8,568168E-08,3,072433E-06,-2,793968E-07
8,195639E-08,2,996996E-06,-2,682209E-07
7,82311E-08,2,920628E-06,-2,607703E-07
7,078052E-08,2,80235E-06,-2,458692E-07
6,332994E-08,2,656132E-06,-2,30968E-07
5,587935E-08,2,571382E-06,-2,235174E-07
5,215406E-08,2,458692E-06,-2,123415E-07
4,842877E-08,2,381392E-06,-2,04891E-07
4,097819E-08,2,272427E-06,-1,899898E-07
3,72529E-08,2,184883E-06,-1,825392E-07
2,980232E-08,2,005138E-06,-1,639128E-07
2,235174E-08,1,938082E-06,-1,564622E-07
1,490116E-08,1,757406E-06,-1,378357E-07
7,450581E-09,1,691282E-06,-1,303852E-07
0,1,589768E-06,-1,192093E-07
-3,72529E-09,1,513399E-06,-1,117587E-07
-7,450581E-09,1,446344E-06,-1,043081E-07
-1,862645E-08,1,265667E-06,-8,195639E-08
-2,235174E-08,1,15484E-06,-7,450581E-08
-2,607703E-08,1,059845E-06,-6,332994E-08
-2,980232E-08,9,639189E-07,-5,587935E-08
-3,72529E-08,9,331852E-07,-4,842877E-08
-3,352761E-08,1,109205E-06,-6,332994E-08
-2,980232E-08,1,237728E-06,-7,450581E-08
-2,235174E-08,1,396053E-06,-8,940697E-08
-1,862645E-08,1,454726E-06,-9,313226E-08
-1,490116E-08,1,655892E-06,-1,117587E-07
-1,117587E-08,1,716428E-06,-1,15484E-07
-7,450581E-09,1,812354E-06,-1,266599E-07
-3,72529E-09,1,873821E-06,-1,303852E-07
0,1,931563E-06,-1,378357E-07
3,72529E-09,2,025627E-06,-1,490116E-07
0,2,001412E-06,-1,452863E-07
0,1,966022E-06,-1,41561E-07
0,1,912937E-06,-1,378357E-07
-7,450581E-09,1,811422E-06,-1,266599E-07
-1,117587E-08,1,681037E-06,-1,15484E-07
-1,490116E-08,1,65496E-06,-1,117587E-07
-1,490116E-08,1,578592E-06,-1,043081E-07
-2,235174E-08,1,545064E-06,-1,005828E-07
-1,862645E-08,1,526438E-06,-9,685755E-08
-2,235174E-08,1,545064E-06,-1,005828E-07
-1,862645E-08,1,597218E-06,-1,043081E-07
-1,862645E-08,1,640059E-06,-1,080334E-07
-1,117587E-08,1,761131E-06,-1,192093E-07
-3,72529E-09,1,837499E-06,-1,266599E-07
-3,72529E-09,1,88034E-06,-1,303852E-07
-3,72529E-09,2,005138E-06,-1,41561E-07